N_unmapped	1098637	1098637	1098637
N_multimapping	707660	707660	707660
N_noFeature	14756178	15716256	15725915
N_ambiguous	19208	3512	3467
CYB5A	463	245	218
BCL2	99	54	45
PPIAP1	1	1	0
CDH20	0	0	0
MC4R	0	0	0
PMAIP1	133	65	68
SEC11C	336	6075	6479
MIR122	0	0	0
TCF4	641	303	338
VNN1	6	4	2
TBPL1	58	27	31
UTRN	11304	5711	5593
PPIL4	423	207	216
LATS1	514	234	280
ESR1	6	3	3
MIR8873B	0	0	0
NOX3	0	0	0
EZR	5316	2661	2655
MIR1836	8	5	3
MAS1	0	0	0
IGF2R	7888	3838	4050
SLC22A2	0	0	0
PLG	0	0	0
QKI	1429	712	717
T	0	0	0
SMOC2	19	6	13
THBS2	224	111	113
PLN	1	0	1
GJA1	1951	997	954
TRDN	0	0	0
ARHGAP18	520	257	263
MIR24-1	5	3	2
MIR27B	3	2	1
MIR23B	0	0	0
DAPK1	329	179	150
HNRNPK	9314	4667	4647
MIR7-1	4	1	3
GNAQ	458	255	203
ANXA1	13691	7000	6691
ALDH1A1	0	0	0
MIR204	0	0	0
TJP2	3131	1560	1571
FXN	68	33	35
VLDLR	1765	916	849
SLC1A1	118	58	60
MIR101-2	0	0	0
RLN1	1	1	0
CD274	84	44	40
MIRLET7D	5	4	1
MIRLET7F	0	0	0
MIR8893	0	0	0
UBE2S	778	384	394
TNNI3	24	12	12
NCR1	0	0	0
PRPF31	643	320	323
MIR371	0	0	0
ZNF331	247	127	120
VN1R4	0	0	0
MIR8891	7	3	4
MIR125A	0	0	0
MIRLET7E	0	0	0
MIR99B	0	0	0
KLK14	1	0	1
KLK10	0	0	0
KLK9	0	0	0
KLK8	0	0	0
KLK7	0	0	0
KLK6	0	0	0
KLK5	0	0	0
KLK4	0	0	0
KLK2	0	0	0
KLK1	0	0	0
MIR150	0	0	0
FLT3LG	64	30	34
MIR8890	2	1	1
NTF4	36	15	21
LHB	1	1	0
FTL	5711	3131	2580
BAX	158	76	82
DHDH	40	23	17
HSD17B14	75	40	35
RPL18	3431	1672	1759
ELSPBP1	3	3	0
CRX	0	0	0
SEPW1	1608	838	770
C5AR1	1	1	0
ARHGAP35	2371	1197	1174
SLC1A5	1576	753	823
MIR769	6	3	3
SNRPD2	1092	561	531
MIR330	0	0	0
VASP	1679	858	821
FOSB	72	38	34
APOC2	0	0	0
APOC1	2	2	0
CEACAM16	1	0	1
LOC476445	24	12	12
XRCC1	841	435	406
CEACAM23	0	0	0
CEACAM24	0	0	0
CAECAM1	31	15	16
CEACAM28	40	19	21
CEACAM30	0	0	0
CEACAM1	91	45	46
GRIK5	9	5	4
RABAC1	2224	1202	1022
TGFB1	448	218	230
CYP2B6	0	0	0
CYP2A7	0	0	0
CYP2A13	0	0	0
RAB4B	261	124	137
MIR8892	17	5	12
AKT2	568	281	287
LGALS4	1	1	0
SPINT2	683	350	333
TYROBP	7	3	4
PSENEN	560	278	282
ATP4A	1	0	1
KRTDAP	0	0	0
HAMP	0	0	0
FXYD1	459	202	257
SCN1B	36	25	11
RHPN2	91	44	47
SLC7A9	0	0	0
MIR578	0	0	0
PMEL	51	23	28
MIP	0	0	0
NACA	2333	1211	1122
TAC3	0	0	0
MIR26A-2	0	0	0
AVPR1A	0	0	0
IFNG	0	0	0
MDM2	1288	645	643
LYZ	0	0	0
TPH2	0	0	0
ARSA	1518	767	751
SELO	350	184	166
PPARA	31	15	16
MIRLET7B	3	1	2
MIRLET7A-1	0	0	0
MIR1249	20	10	10
ARHGAP8	0	0	0
PRR5	15	8	7
CYB5R3	1651	804	847
MIR8829	1	0	1
CYP2D15	0	0	0
MIR33A	2	0	2
ST13	1839	934	905
MCHR1	2	1	1
RPL3	6280	3179	3101
PDGFB	20	8	12
EIF3L	351	178	173
LGALS1	5357	2632	2725
LGALS2	90	38	52
MIR8828	0	0	0
MIR1835	0	0	0
SSTR3	0	0	0
IL2RB	0	0	0
MIR8827	0	0	0
MYH9	25041	12568	12473
HMOX1	270	134	136
TIMP3	1156	584	572
TXNRD1	2820	1400	1420
MIR8799C	0	0	0
MIR8826	0	0	0
RFX8	0	0	0
UBE2N	73	38	35
RPL31	547	297	250
CNGA3	0	0	0
COX5B	924	493	431
THADA	415	214	201
SLC3A1	135	64	71
STON1	271	139	132
GTF2A1L	0	0	0
ASB3	717	344	373
RPS27A	4858	2507	2351
MIR217	0	0	0
MIR216A	0	0	0
MIR216B	0	0	0
COMMD1	826	417	409
RAB1A	2150	1086	1064
PLEK	8	3	5
ANXA4	1730	877	853
SNRPG	149	72	77
MIR340	0	0	0
CANX	19629	9974	9655
PROP1	0	0	0
TICAM2	117	69	48
TMED7	1861	915	946
MIR8830-2	0	0	0
MIR8830-1	0	0	0
MIR8830-3	0	0	0
IL3	0	0	0
CSF2	0	0	0
IL5	7	3	4
IL13	1	1	0
IL4	0	0	0
GDF9	23	15	8
HSPA4	2845	1427	1418
SKP1	2093	1078	1015
PPP2CA	1662	822	840
MIR874	0	0	0
BTF3	1953	996	957
SLBP2	6	3	3
ETF1	270	135	135
MATR3	6204	3182	3022
MLANA	0	0	0
IL33	19	8	11
TYRP1	0	0	0
FTH1	4681	2342	2340
RPS6	6389	3280	3109
MIR491	0	0	0
IFNB1	0	0	0
IFNA5	0	0	0
IFNA8	0	0	0
IFNA6	0	0	0
IFNA7	0	0	0
MIR31	0	0	0
CDKN2B	119	60	59
MIR8831	0	0	0
MIR872	0	0	0
IFNK	2	0	2
MIR876	0	0	0
NDUFB6	296	143	153
APTX	177	93	84
DNAJA1	574	285	289
MIR207	1	1	0
CNTFR	17	8	9
CCL27	17	11	6
CCL19	0	0	0
CCL21	0	0	0
ARHGEF39	395	173	222
CA9	155	91	64
RECK	989	483	506
SEC61B	674	331	343
INVS	861	433	428
OR13F1	0	0	0
COR13C13	0	0	0
MIR32	0	0	0
AKAP2	286	140	146
DNAJC25	409	208	201
UGCG	551	283	268
HSDL2	576	281	295
SLC46A2	21	11	10
LOC481674	0	0	0
MIR455	0	0	0
TNC	6	3	3
TLR4	0	0	0
STOM	1569	797	772
RPP21	212	103	109
DLA88	1835	938	922
DLA-12	490	264	228
DLA-64	380	188	198
DDX39B	2266	1139	1127
ATP6V1G2	4	2	2
NFKBIL1	165	81	84
TNF	9	3	6
LTB	5	4	1
LY6G5C	13	7	6
CLIC1	3771	1879	1892
HSP70	76	41	35
CYP21A2	67	37	30
AGER	22	14	8
DLA-DRA	2	1	1
HLA-DRB1	4	1	3
DLA-DQA1	2	0	2
DLA-DQB1	1	1	0
DLA-DOB	6	4	2
TAP2	3109	1525	1584
PSMB8	40	16	24
TAP1	3878	1939	1940
PSMB9	674	333	342
DLA-DMB	15	6	9
DLA-DMA	37	16	21
BRD2	4518	2314	2204
SLC39A7	4951	2511	2440
MIR219-1	2	1	1
RING1	660	335	325
VPS52	754	346	408
RPS18	4353	2269	2084
B3GALT4	158	83	75
PFDN6	319	155	164
TAPBP	11867	5947	5920
LOC481744	513	289	224
MIR8832	0	0	0
HMGA1	1394	718	676
NUDT3	482	254	228
RPS10	1866	895	971
FKBP1A	829	426	403
PPARD	896	458	438
RPL10A	3011	1557	1454
CLPS	0	0	0
MAPK14	821	395	426
PNPLA1	0	0	0
PIM1	248	125	123
TREM1	0	0	0
PRPH2	5	2	3
VEGFA	3699	1918	1781
SLC29A1	2646	1349	1297
SLC35B2	772	417	355
SLC25A27	140	72	68
PLA2G7	2414	1239	1175
RHAG	8	4	4
DEFB112	0	0	0
TFAP2B	17	9	8
MIR206	0	0	0
IL17A	0	0	0
GSTA4	686	358	328
FBXO9	722	358	364
HCRTR2	0	0	0
LGSN	0	0	0
SMAP1	429	220	209
B3GAT2	23	7	16
MIR30C-2	0	0	0
MIR30A	0	0	0
OOEP	0	0	0
EEF1A1	21477	10805	10672
MIR8835	625	337	288
HTR1B	243	130	113
MIR8834A-2	0	0	0
MIR8834A-1	0	0	0
SNAP91	45	20	25
CGA	0	0	0
SLC35A1	171	85	86
MIR8833	0	0	0
FUT9	0	0	0
MCHR2	0	0	0
FIG4	639	320	319
MIR599	0	0	0
MIR875	0	0	0
AZIN1	4872	2487	2385
FZD6	3068	1525	1543
ZFPM2	154	83	71
ANGPT1	589	300	289
MIR8836	0	0	0
EBAG9	631	270	361
ANXA13	22	12	10
MYC	430	218	212
TG	0	0	0
NDRG1	1629	790	839
MIR30B	0	0	0
MIR30D	0	0	0
MIR151	0	0	0
FAM83H	414	210	204
ZNF252	398	214	184
MIR8880	0	0	0
CNGA1	2	1	1
KIT	1	1	0
KDR	23	15	8
SRP72	4243	2193	2050
GNRHR	0	0	0
UGT2B31	0	0	0
SULT1B1	0	0	0
CSN2	0	0	0
ODAM	0	0	0
ALB	0	0	0
AFP	0	0	0
CXCL8	2105	1059	1046
PPBP	3	1	2
ARF1	968	519	449
COR2T18	0	0	0
AKR1B1	142	81	61
SLC35B4	287	133	154
PODXL	69	29	40
MIR29B-1	0	0	0
MIR29A	0	0	0
MIR335	0	0	0
MIR183	0	0	0
MIR96	0	0	0
MIR182	0	0	0
LEP	0	0	0
MIR129-1	0	0	0
MIR592	0	0	0
ABCB1	428	212	216
CALCR	0	0	0
MIR653	0	0	0
MIR489	0	0	0
GNGT1	0	0	0
COL1A2	147290	73865	73425
PEG10	1164	609	555
PON2	2649	1321	1328
MIR8841-1	0	0	0
MIR8841-2	0	0	0
CAFA-T2R2	0	0	0
CRSP-4	0	0	0
IL6	9	7	2
MYEOV2	300	148	152
CYCS	769	405	364
NPVF	0	0	0
MIR148A	0	0	0
MIR196B	4	4	0
HOXA10	140	70	70
PLEKHA8	421	223	198
AQP1	0	0	0
TES	1845	941	904
CAV2	1850	948	902
CAV1	2629	1280	1349
MET	4188	2118	2070
CAPZA2	2111	1079	1032
CFTR	1	1	0
SLC2A1	1409	677	732
GUCA2A	2	0	2
MIR8839	0	0	0
EDN2	74	39	35
MIR30C-1	0	0	0
MIR30E	2	0	2
COL9A2	444	225	219
PPT1	1758	825	933
MYCBP	77	42	35
RSPO1	0	0	0
C15H16orf87	100	47	53
MIR761	3	2	1
CYP4X1	0	0	0
CYP4A37	0	0	0
CYP4A38	0	0	0
CYP4A11	0	0	0
AKR1A1	524	273	251
PRDX1	4289	2165	2124
COR11G5	0	0	0
COR11G9	0	0	0
RPPH1	1	0	1
APEX1	1508	710	798
MIR8838	0	0	0
KITLG	99	49	50
ATP2B1	2151	1095	1056
DCN	7193	3664	3529
MIR8840	0	0	0
MIR331	0	0	0
MIR135A-2	0	0	0
MIR8837	0	0	0
PMCH	57	35	22
HSP90B1	30944	15539	15405
GYPA	0	0	0
EDNRA	20	9	11
TLR2	860	421	439
SFRP2	694	351	343
GUCY1A3	60	35	25
GUCY1B3	27	13	14
ETFDH	1232	603	629
NPY1R	29	10	19
NPY5R	25	10	15
MIR8862	0	0	0
MIR8852	0	0	0
MIR8853	0	0	0
MIR8793-3	0	0	0
MIR8793-2	0	0	0
MIR8793-1	0	0	0
cOR13M4	0	0	0
TAS2R41	0	0	0
CLCN1	29	17	12
CASP2	923	461	462
TAS2R40	30	15	15
TAS2R39	0	0	0
TAS2R38	0	0	0
TAS2R5	0	0	0
TAS2R3	0	0	0
SSBP1	147	79	68
HIPK2	391	185	206
LUC7L2	1330	666	664
C16H7orf55	50	23	27
MIR8794-2	0	0	0
MIR8794-1	0	0	0
MIR8907	0	0	0
MIR490	0	0	0
MTPN	754	389	365
MIR8847	0	0	0
MIR8906	0	0	0
MIR8849	0	0	0
MIR8863	0	0	0
SSPO	21	14	7
KCNH2	0	0	0
NOS3	0	0	0
FASTK	490	244	246
MIR671	99	39	60
MIR8855	0	0	0
MIR8850	0	0	0
MIR8851	0	0	0
MIR153	0	0	0
VDAC3	708	353	355
AP3M2	198	97	101
MIR486	0	0	0
MIR8854	45	25	20
MIR8799D	0	0	0
ADAM9	5627	2831	2796
STAR	0	0	0
ADRB3	0	0	0
FUT10	143	74	69
MBOAT4	0	0	0
LEPROTL1	624	301	323
MIR8856	6	3	3
MIR8848	1	1	0
DLC1	1808	915	893
MIR383	0	0	0
F11	0	0	0
KLKB1	18	9	9
CASP3	589	289	300
RWDD4	145	59	86
SPCS3	665	343	322
MCPH1	415	197	219
ANGPT2	4	1	4
DEFB1	0	0	0
DEFB4A	0	0	0
CBD103	0	0	0
SPAG11E	0	0	0
SPAG11B	0	0	0
DEFB105A	0	0	0
TPO	0	0	0
RNASEH1	205	107	98
ADAM17	2080	1038	1042
MIR8846	0	0	0
TRIB2	356	174	182
MIR8845	0	0	0
RHOB	870	430	440
MIR1301	0	0	0
RAB10	1454	740	714
EPT1	490	238	252
KHK	38	20	18
GCKR	5	1	4
MIR1837-1	0	0	0
MIR1837-2	0	0	0
MIR1837-3	0	0	0
MRPL33	301	159	142
PPP1CB	2617	1307	1310
C17H2orf71	0	0	0
SRD5A2	1	0	1
EIF2AK2	1355	649	706
CYP1B1	689	345	344
SLC8A1	45	23	22
MAL	0	0	0
NPHP1	112	61	51
TPC3	540	259	281
IL1A	7	4	3
IL1B	8	2	6
IL1RN	0	0	0
PAX8	0	0	0
FOXI3	0	0	0
FABP1	0	0	0
CD8A	0	0	0
MIR8843	0	0	0
MAT2A	1695	839	856
LOC100687463	0	0	0
REG3A	0	0	0
TACR1	0	0	0
HTRA2	330	164	166
MIR8842	3	1	2
CDK2AP1	1147	606	541
NRAS	1333	642	691
TSHB	0	0	0
NGF	102	46	56
ATP1A1	8495	4192	4303
HSD3B2	0	0	0
GJA5	1	0	1
FCGR1A	0	0	0
MCL1	1351	673	678
CTSS	33	17	16
CTSK	1649	817	832
CDC42SE1	567	284	283
PIP5K1A	2125	1057	1068
PSMD4	1266	663	603
CGN	67	30	37
RIIAD1	31	18	13
OAZ3	1	0	1
SMCP	0	0	0
MIR8844	0	0	0
ADORA3	0	0	0
SEC61G	582	274	308
DLD	1359	717	642
CD36	4	3	1
HGF	45	27	18
HRAS	159	87	72
MIR210	0	0	0
LOC610760	624	310	314
MIR129-2	0	0	0
SLC1A2	5	2	3
CD44	4499	2354	2145
MIR1343	0	0	0
CAT	1328	674	654
C18H11orf31	244	126	118
ZDHHC5	2532	1262	1270
MIR130A	0	0	0
COR12E4	0	0	0
CFOLF1	0	0	0
COR5L1	0	0	0
DLA-79	1	0	1
OR4S2	4	3	1
MYBPC3	0	0	0
ARHGAP1	1275	644	631
SLC35C1	271	128	143
MIR8861	0	0	0
CTSD	1206	614	592
H19	379	202	177
IGF2	0	0	0
MIR483	0	0	0
INS	0	0	0
TH	0	0	0
MIR8859A	2	1	1
MIR8859B	6	3	3
MIR8860	0	0	0
CCND1	144	47	97
CPT1A	2936	1472	1464
NDUFS8	444	230	214
GSTP1	545	250	295
PPP1CA	2278	1148	1130
CCS	362	180	182
MIR8858	97	37	60
MIR192	0	0	0
MEN1	348	154	194
SLC22A12	0	0	0
ESRRA	210	117	93
BAD	185	109	76
OTUB1	386	213	173
COX8A	608	295	313
RTN3	4870	2414	2456
LGALS12	5	1	4
BEST1	13	4	10
PGA	0	0	0
GPR44	0	0	0
IL15	0	0	0
UCP1	62	37	25
SLC7A11	213	106	107
MIR8857	0	0	0
IL21	0	0	0
IL2	0	0	0
LOC476104	0	0	0
GYPC	70	38	32
CNTNAP5	0	0	0
TMEM185B	327	161	166
EPB41L5	211	110	101
DBI	761	408	353
MIR128-1	0	0	0
CXCR4	5	3	2
CREM	140	64	76
MIR8864-4	0	0	0
MIR8864-1	0	0	0
MIR8864-3	0	0	0
GAD2	8	5	3
BMI1	839	434	405
COMMD3	673	330	343
MIR8895	0	0	0
PTPLA	26	13	13
ST8SIA6	0	0	0
VIM	44572	22532	22040
CUBN	145	63	82
SEPHS1	3255	1700	1555
LOC478000	1328	656	672
LOC478001	0	0	0
IL2RA	5	1	4
GDI2	3250	1621	1629
AKR1C3	0	0	0
SLC23A1	3	3	0
PFDN1	391	205	186
ANKHD1	1614	799	815
EIF4EBP3	113	50	63
NR3C1	1152	571	581
SPINK5	12	7	5
GPX8	2651	1317	1334
MIR449A	0	0	0
MIR449B	0	0	0
IL6ST	8679	4242	4437
MIR582	0	0	0
HTR1A	0	0	0
ATP1B1	749	389	360
AK6	78	40	38
TAF9	290	146	144
OCLN	145	79	66
SMN	517	255	262
MIR8813-2	0	0	0
GOT2	628	305	323
CNGB1	0	0	0
CCL17	24	12	12
CX3CL1	975	541	434
MIR138B	1	1	0
MT1E	191	104	87
MT2A	418	201	217
MT4	0	0	0
CES5A	0	0	0
CES1	0	0	0
SLC6A2	0	0	0
NOD2	153	71	82
AZIN2	144	81	63
EPB41	586	304	282
TAF12	54	27	27
RCC1	415	228	187
SNHG3	38	20	18
PTAFR	0	0	0
SLC9A1	812	400	412
HMGN2	2545	1263	1282
CD52	6	3	3
SEPN1	1590	775	815
TMEM57	875	464	411
RHCE	0	0	0
CNR2	0	0	0
FUCA1	5609	2828	2781
RPL11	3837	1808	2029
ID3	304	144	160
MIR8897	14	8	6
HTR1D	28	12	16
CDC42	755	377	378
ALPL	144	83	61
DDOST	6402	3067	3335
TAS1R2	0	0	0
PADI6	1	0	1
SDHB	253	136	117
CASP9	360	183	177
PDPN	0	0	0
MIR8896	2	1	1
MIIP	189	100	89
MFN2	908	468	440
PLOD1	6690	3288	3402
MIR8894	4	2	2
APITD1	67	34	33
TXNRD3	247	136	111
SEC61A1	10691	5441	5250
RAB7A	2757	1414	1343
CNBP	2527	1296	1231
ISY1	514	258	256
SLC6A6	3084	1505	1579
PPIAP4	177	79	98
RHO	0	0	0
RPL32	3394	1677	1717
PPARG	26	13	13
TAMM41	110	62	48
MIR885	0	0	0
GHRL	1	0	1
VHL	268	123	145
THUMPD3	193	98	95
OXTR	0	0	0
CAV3	1	1	0
SETMAR	47	19	28
MITF	137	63	74
EOGT	616	320	296
FHIT	10	6	4
CCDC66	486	249	237
WNT5A	18	6	12
SELK	228	135	93
PRKCD	598	285	313
MIR135A-1	4	3	1
MIRLET7G	4	2	2
TLR9	2	2	0
MIR8800	60	25	35
MIR8799A	0	0	0
GNAI2	3694	1894	1800
GNAT1	0	0	0
DAG1	10787	5416	5371
NICN1	237	104	133
AMT	305	144	161
RHOA	4281	2155	2126
GPX1	4865	2438	2427
MIR191	0	0	0
MIR425	0	0	0
COL7A1	138	73	65
CAMP	0	0	0
CDC25A	91	39	52
PTH1R	70	40	30
LTF	0	0	0
CCR5	0	0	0
CCR3	0	0	0
CCR1	0	0	0
CCR9	0	0	0
MIR8801	0	0	0
MEF2B	15	8	7
MIR8803	0	0	0
UBA52	886	427	459
LSM4	148	76	72
INSL3	0	0	0
FAM32A	188	99	89
RAB8A	695	350	345
AKAP8	565	284	281
SLC1A6	0	0	0
CFOLF4	0	0	0
ADGRE2	12	7	5
EMR3	93	49	44
CD97	1282	652	630
PRKACA	477	238	239
MIR1199	0	0	0
MIR181D	5	5	0
MIR181C	3	2	1
MIR23A	0	0	0
MIR27A	0	0	0
MIR24-2	0	0	0
RTBDN	2	1	1
ACP5	10	3	7
EPOR	1	0	1
MIR199-1	2	2	0
ICAM1	7917	3962	3955
P2RY11	40	20	20
PPAN	261	128	133
STXBP2	1033	518	515
CD209	0	0	0
CTXN1	41	20	21
CCL25	0	0	0
ADAMTS10	445	231	214
EMR4	0	0	0
EMR1	0	0	0
TNFSF14	0	0	0
CAPS	42	21	21
FUT5	0	0	0
MIR7-3	0	0	0
MIR8804	6	4	2
MAP2K2	811	404	407
MIR8802	0	0	0
TJP3	46	20	26
NCLN	1058	508	550
LSM7	84	43	41
OAZ1	3849	1953	1896
MIR8805	0	0	0
ELANE	0	0	0
MADCAM1	1	0	1
PGR	17	7	10
GPR83	43	26	17
MIR8812	0	0	0
FOLH1	2163	1083	1080
TYR	0	0	0
CTSC	84	35	49
MIR708	0	0	0
MIR1838	0	0	0
CLNS1A	224	104	120
SERPINH1	19541	9869	9672
MIR326	0	0	0
SPCS2	1192	596	596
UCP3	1	1	0
UCP2	828	371	457
MIR139	0	0	0
LRTOMT	96	49	47
IL18BP	188	97	91
cOR51P3	0	0	0
COR52J8	0	0	0
LOC480784	0	0	0
LOC609402	0	0	0
TRIM6	0	0	0
TRIM34	171	86	85
cOR52P3	0	0	0
cOR56B2	0	0	0
cOR52N9	0	0	0
COR56A6	0	0	0
CCKBR	0	0	0
TPP1	1301	633	668
OR2D3	0	0	0
cOR10A3	0	0	0
RPL27A	820	410	410
ADM	170	99	71
MIR8810	19	10	9
RNF141	260	129	131
ZBED5	1152	563	589
DKK3	3281	1631	1650
PTH	1	0	1
CALCB	0	0	0
CRSP-3	0	0	0
CRSP-2	0	0	0
CALCA	0	0	0
KCNC1	0	0	0
TPH1	0	0	0
SAA1	26	14	12
LDHC	1	1	0
ANO5	597	296	301
SLC17A6	0	0	0
SVIP	1	0	1
CCDC179	0	0	0
BDNF	8	4	4
MIR8811	35	16	19
GIF	6	4	2
MS4A2	0	0	0
MS4A1	1	0	1
MIR8813-1	0	0	0
ATP7B	410	210	200
MIR15A	0	0	0
MIR16-1	0	0	0
MLNR	6	3	3
HTR2A	0	0	0
MIR8814	0	0	0
MIR759	0	0	0
CLN5	1945	991	954
EDNRB	0	0	0
MIR17	0	0	0
MIR18A	0	0	0
MIR19A	0	0	0
MIR20A	0	0	0
MIR19B-1	0	0	0
MIR92A-1	0	0	0
DCT	0	0	0
ABCC4	2709	1408	1301
DZIP1	2628	1328	1300
SLC15A1	0	0	0
BIVM	423	206	217
SLC10A2	0	0	0
EFNB2	48	22	26
TNFSF13B	6	3	3
F7	0	0	0
LOC403829	272	131	141
ATP4B	1	0	1
MIR8807	0	0	0
MIR138A	0	0	0
GLB1	1958	993	965
CCR4	0	0	0
MIR128-2	0	0	0
MIR26A-1	0	0	0
SCN5A	0	0	0
SCN10A	0	0	0
CX3CR1	0	0	0
RPSA	3102	1526	1576
RPL14	1484	712	772
CTNNB1	7745	3901	3844
GTDC2	245	113	132
MIR8806	0	0	0
RAB5A	777	405	372
SLCO2A1	2	2	0
CPB1	0	0	0
SELT	2337	1162	1175
P2RY12	0	0	0
P2RY1	22	14	8
MME	765	384	381
MIR8808	0	0	0
THBD	267	139	128
RRBP1	12428	6306	6122
SNRPB2	332	187	145
SLC23A2	338	165	173
PRNP	471	212	259
MIR103-2	0	0	0
MAVS	562	263	299
AVP	0	0	0
DEFB132	0	0	0
DEFB129	0	0	0
DEFB128	0	0	0
DEFB127	0	0	0
DEFB122	0	0	0
DEFB126	0	0	0
DEFB116	0	0	0
CBD118	0	0	0
DEFB119	0	0	0
DEFB3L	0	0	0
DEFB124	0	0	0
BCL2L1	515	269	246
POFUT1	931	470	461
MAPRE1	370	180	190
RALY	2122	1062	1060
ASIP	2	2	0
DYNLRB1	1006	512	494
MIR499	0	0	0
CPNE1	2840	1443	1397
RBM12	1260	663	597
MYL9	2878	1468	1410
GHRH	4	1	3
PI3	27	14	13
SLPI	9	3	6
WFDC2	0	0	0
CE10	0	0	0
CTSA	1411	733	678
MMP9	1	1	0
CD40	85	35	50
AR	349	196	153
SULF2	1924	951	973
IL29L	0	0	0
UBE2V1	1548	754	794
MC3R	0	0	0
BMP7	155	83	72
PCK1	0	0	0
RAB22A	365	198	167
GNAS	14868	7435	7433
EDN3	0	0	0
MIR1-1	0	0	0
MIR133C	1	0	1
COL9A3	10	4	6
MIR124-2	0	0	0
MIR124-3	0	0	0
MIR8809	74	34	40
BRCA2	638	307	331
RXFP2	0	0	0
HMGB1	6504	3299	3205
MIR8825	16	10	6
SLC7A1	968	495	473
FLT3	708	359	349
PDX1	0	0	0
RPL21	1550	765	785
SGCG	0	0	0
SAP18	585	271	314
GJB2	212	110	102
MPHOSPH8	563	261	302
PARP4	1803	866	937
MIR8824	47	20	27
MIR8864-2	0	0	0
CLCN3	1731	878	853
HPGD	4	4	0
GATA4	77	36	41
MIR8820	0	0	0
MIR124-1	0	0	0
MIR8821	16	4	12
CLU	34513	17256	17257
ADRA1A	0	0	0
MIR320	0	0	0
COL4A4	0	0	0
CCL20	0	0	0
HTR2B	8	5	3
PTMA	13679	6775	6904
PDE6D	547	286	261
EIF4E2	220	112	108
SAG	0	0	0
UGT1A6	0	0	0
MIR8823	0	0	0
TRPM8	7	1	6
ACKR3	0	0	0
COL6A3	745	385	360
MLPH	0	0	0
MIR8822	23	9	14
cOR9S7P	0	0	0
COR9S5	0	0	0
MIR149	0	0	0
KIF1A	603	299	304
STK25	455	220	235
RAN	1771	933	838
TMEM132C	0	0	0
HCAR1	0	0	0
DIABLO	805	403	402
IL31	0	0	0
P2RX7	64	34	30
ATP2A2	4573	2296	2277
VPS29	772	398	374
PPP1CC	1229	620	609
MYL2	0	0	0
OAS1	5658	2795	2863
OAS3	3977	1992	1985
OAS2	6760	3422	3338
NOS1	0	0	0
PEBP1	2686	1325	1361
MIR8819	578	315	263
HSPB8	954	492	462
RPLP0	3257	1598	1659
PLA2G1B	0	0	0
OASL	2420	1195	1225
TRPV4	247	132	115
SELPLG	1	0	1
CRYBB2	0	0	0
TFIP11	774	395	379
CRYBA4	14	8	6
EWSR1	1283	647	636
NEFH	0	0	0
LIF	116	55	61
GAL3ST1	0	0	0
SELM	511	235	276
SLC5A1	0	0	0
SPECC1L	1259	661	598
ADORA2A	405	206	199
MMP11	424	199	225
MIR8905	0	0	0
ZDHHC8	384	197	187
MIR1306	20	9	11
MIR185	0	0	0
COMT	1759	867	892
MIR301B	0	0	0
MIR130B	0	0	0
MAPK1	2456	1219	1237
PTEN	1770	853	917
LIPF	0	0	0
COR6C13	0	0	0
COR6C47	0	0	0
cOR9K3	0	0	0
MIR148B	0	0	0
MIR615	0	0	0
MIR196A-2	0	0	0
HOTAIR	0	0	0
PFDN5	723	367	356
KRT76	0	0	0
KRT1	0	0	0
KRT2	0	0	0
KRT71	0	0	0
NR4A1	95	49	46
CELA1	1	0	1
TMBIM6	6199	3181	3018
ADCY6	1141	596	545
LALBA	0	0	0
PFKM	1744	923	821
COL2A1	7	4	3
RAPGEF3	46	17	29
PTHLH	152	92	60
MRPS35	430	202	228
PPFIBP1	2326	1121	1205
STK38L	736	363	373
MED21	149	77	72
FGFR1OP2	331	187	144
ASUN	540	245	295
BHLHE41	1617	856	761
LDHB	1134	604	530
IAPP	0	0	0
SLCO1B3	0	0	0
GRIN2B	0	0	0
CDKN1B	763	393	370
TAS2R42	0	0	0
CAFA-T2R67	0	0	0
CAFA-T2R43	0	0	0
CAFA-T2R12	0	0	0
TAS2R10	0	0	0
TAS2R7	0	0	0
CSDA	1942	973	969
KLRA1	1	1	0
KLRD1	0	0	0
AICDA	0	0	0
SLC2A3	1645	848	797
CD163	10	5	5
MIR141	0	0	0
MIR200C	0	0	0
TPI1	10408	5255	5153
GNB3	1	1	0
CD4	0	0	0
GAPDH	26974	14408	12566
VWF	7	1	6
KCNA5	0	0	0
SLC6A12	271	136	135
MAPK3	1188	613	575
BID	1614	798	816
FYTTD1	682	361	321
ZFAND4	378	178	200
ALOX5	2	1	1
COR6D7	0	0	0
CXCL12	0	0	0
RET	23	9	14
MIR107	0	0	0
MIR8815-2	0	0	0
MIR8815-1	0	0	0
O3FAR1	0	0	0
PLCE1	1187	608	579
CYP2C18	40	16	24
GOT1	278	131	147
ABCC2	1	0	1
KCNIP2	11	2	9
MIR146B	0	0	0
ACTR1A	2175	1088	1087
MIR1307	0	0	0
MIR8816	0	0	0
ADRB1	0	0	0
PNLIPRP1	0	0	0
PRDX3	1834	925	909
MCMBP	391	194	197
FGFR2	646	340	306
MIR8817	0	0	0
MGMT	0	0	0
INPP5A	989	492	497
MIR202	0	0	0
CYP2E1	0	0	0
MIR8818	0	0	0
PRKDC	2120	1053	1067
UBE2V2	420	211	209
SNAI2	664	339	325
RP1	0	0	0
RAB2A	1632	857	775
ASPH	880	428	452
CRH	8	5	3
SGK3	438	237	201
C29H8orf34	0	0	0
SULF1	6407	3215	3192
TRAM1	2469	1248	1221
KCNB2	0	0	0
RPL7	5854	2961	2893
IL7	7	4	3
HEY1	10	4	6
MIR8799B	0	0	0
CA1	0	0	0
CA3	2	2	0
CA2	194	98	96
CNGB3	0	0	0
SRP19	90	37	53
FER	422	203	219
ARSK	580	286	294
MIR9-2	0	0	0
CKMT2	7	5	2
ARSB	477	237	240
AP3B1	3374	1652	1722
F2RL1	73	37	36
MIR8901	0	0	0
COR6C40	0	0	0
MIR8799G	0	0	0
MIR211	0	0	0
TJP1	5054	2522	2532
VIMP	933	458	475
ST8SIA2	0	0	0
MIR7-2	0	0	0
ACAN	68	31	37
MIR9-3	0	0	0
RHCG	0	0	0
ANPEP	330	162	168
AP3S2	515	241	274
ARPIN	847	439	408
SEC11A	1880	985	895
RPS17	5519	2807	2712
MIR1839	0	0	0
MIR8898	20	9	11
MIR184	0	0	0
MIR8900	0	0	0
MIR95	0	0	0
HGFAC	25	15	10
CD38	4	2	2
ZNF518B	954	462	492
WDR1	7207	3831	3376
SLC2A9	3	1	2
RBM47	7	3	4
MIR574	0	0	0
TLR1	29	9	20
TLR10	1	1	0
CAR1	1	1	0
CCKAR	0	0	0
SMIM20	1262	615	647
MIR218-1	0	0	0
TMED11	3	2	1
PDE6B	0	0	0
MIR8899	0	0	0
MIR8792	0	0	0
SRP14	558	291	267
RAD51	306	147	159
JMJD7	141	61	80
PLA2G4B	45	26	19
SERF2	749	325	424
B2M	3845	8261	7802
DUOX1	4	0	4
GATM	66	27	39
MIR147	20	9	11
FBN1	23258	11531	11727
FGF7	1	1	0
MIR8791A	0	0	0
CYP19A1	0	0	0
RAB27A	513	263	250
MIR628	0	0	0
ALDH1A2	0	0	0
LIPC	1286	623	663
ANXA2	19338	9801	9537
MIR190A	0	0	0
OAZ2	1781	890	891
RAB11A	1567	803	764
MAP2K1	899	423	476
RPL4	4756	2379	2377
SMAD3	332	173	159
CLN6	393	187	206
ANP32A	1180	604	576
NOX5	4	3	1
UACA	1334	663	671
CYP1A2	0	0	0
COX5A	233	120	113
MIR631	13	4	9
POU1F1	3	1	2
MIR99A-1	0	0	0
MIRLET7C	0	0	0
MIR125B-2	0	0	0
MIR155	19	8	11
APP	38708	19522	19186
SOD1	1580	835	745
SYNJ1	1134	576	558
C31H21orf62	0	0	0
SLC5A3	67	27	40
KCNE2	3	2	1
MIR802	0	0	0
MX2	1354	678	676
MX1	11885	5832	6053
TFF3	0	0	0
TFF2	0	0	0
TFF1	0	0	0
UBASH3A	0	0	0
CRYAA	0	0	0
CXCL10	840	441	399
FGF5	52	32	20
ABCG2	772	401	371
PIGY	0	0	0
PYURF	0	0	0
HPGDS	0	0	0
BMPR1B	69	37	32
ADH5	258	137	121
H2AFZ	3322	1725	1597
PPP3CA	1214	641	573
NFKB1	1684	846	838
TACR3	0	0	0
OSTC	219	118	101
EGF	0	0	0
MIR367	0	0	0
MIR302D	0	0	0
MIR302A	0	0	0
MIR302C	0	0	0
MIR302B	0	0	0
ARSJ	719	369	350
PDE5A	9	5	4
NFKBIZ	603	309	294
CD47	1911	898	1013
MIR568	17	9	8
CD80	41	20	21
COX17	240	119	121
MIR6529	0	0	0
IQCB1	314	151	163
CD86	0	0	0
CASR	0	0	0
ADCY5	110	52	58
TFRC	3246	1647	1599
MIR8789	0	0	0
TAS2R1	0	0	0
SRD5A1	183	96	87
SLC6A3	0	0	0
TERT	4	2	2
MIR8790	0	0	0
ABCC5	509	277	232
AP2M1	5429	2741	2688
CRYGS	9	6	3
ADIPOQ	0	0	0
SST	0	0	0
BCL6	615	274	341
MIR28	0	0	0
IL12A	89	46	43
MIR15B	0	0	0
MIR16-2	0	0	0
MIR551B	0	0	0
GHSR	0	0	0
TNFSF10	1142	596	546
SSR1	5228	2659	2569
EDN1	16	11	5
NHLRC1	15	8	7
TPMT	419	206	213
CDKAL1	335	163	172
PRL	6	5	1
GPX6	0	0	0
GPX5	0	0	0
MIR8797	0	0	0
GCG	0	0	0
ABCB11	0	0	0
GAD1	0	0	0
CHRNA1	7	3	4
MIR10B	5	3	2
MIR8796	0	0	0
PDE1A	81	37	44
ZC3H15	1759	865	894
TFPI	0	0	0
MSTN	0	0	0
AOX4	0	0	0
AOX2	0	0	0
CASP8	380	190	190
SUMO1	413	196	217
CD28	0	0	0
CTLA4	1	0	1
ICOS	0	0	0
CRYGD	0	0	0
CRYGC	0	0	0
CRYGB	0	0	0
CRYGA	0	0	0
PECR	139	68	71
CXCR2	0	0	0
AAMP	507	236	271
SLC11A1	195	94	101
MIR26B	0	0	0
MIR375	0	0	0
MIR1840	0	0	0
DES	29	12	17
SPEG	201	105	96
SLC4A3	216	110	106
MIR8795	0	0	0
CLN8	90	45	45
OPTC	89	45	44
REN	0	0	0
DSTYK	273	142	131
MIR135B	1	0	1
EIF2D	667	342	325
CDC73	416	227	189
MIR215	1	0	1
MIR194	0	0	0
MIR664	0	0	0
MIR8798	14	6	8
MGST3	465	232	233
FCER1G	0	0	0
SLAMF1	0	0	0
SLAMF9	382	203	179
FCER1A	1	1	0
CD1B	0	0	0
CD1C	0	0	0
CD1A6	0	0	0
TLR5	115	61	54
LGALS8	1323	642	681
MIR1841	59	31	28
MIR1296	0	0	0
TACR2	0	0	0
PRF1	0	0	0
MYOZ1	14	11	3
PLAU	1230	610	620
AP3M1	1625	788	837
KCNMA1	0	0	0
RPS24	1354	701	653
MIR346	0	0	0
BMPR1A	1208	586	622
LMAN2	2422	1207	1215
MIR1271	0	0	0
HRH2	0	0	0
MSX2	29	17	12
NKX2-5	0	0	0
ATP6V0E1	1090	557	533
NPM1	3846	1948	1898
KCNMB1	10	6	4
MIR218-2	0	0	0
MIR103-1	0	0	0
MIR146A	0	0	0
MIR8902	0	0	0
ADRA1B	80	31	49
IL12B	0	0	0
MED7	260	141	119
HAVCR2	33	18	15
HAVCR1	8	5	3
ATOX1	634	318	316
GPX3	1	0	1
RPS14	5800	2754	3046
TCOF1	558	277	281
ARSI	1	1	0
PDGFRB	2367	1153	1214
PDE6A	1	1	0
MIR378	0	0	0
MIR145	0	0	0
MIR143	0	0	0
ADRB2	1	1	0
CCL28	0	0	0
SEPP1	81	46	35
GHR	467	237	230
RPL37	578	303	275
PTGER4	394	201	193
LIFR	828	428	400
SLC1A3	575	296	279
SLC45A2	17	8	9
MIR8903	17	6	11
ZNF622	175	96	79
B3GAT1	0	0	0
MIR8868	3	1	2
MIR99A-2	0	0	0
MIRLET7A-2	0	0	0
MIR125B-1	0	0	0
PVRL1	821	411	410
THY1	7776	3952	3824
SLC37A4	394	190	204
CD3E	0	0	0
FXYD6	0	0	0
FXYD2	0	0	0
BACE1	1525	757	768
MIR8871	226	116	110
APOC3	0	0	0
HTR3A	0	0	0
DRD2	0	0	0
NCAM1	0	0	0
IL18	0	0	0
MIR34C	0	0	0
MIR34B	0	0	0
ATM	915	482	433
CASP4	1	1	0
CASP12	1	1	0
MMP12	0	0	0
MMP3	29	15	14
MMP7	0	0	0
BIRC2	791	414	377
BIRC3	250	125	125
TEKT1	6	4	2
MIR8870	0	0	0
GP1BA	3	1	2
MIR195	0	0	0
MIR497	0	0	0
MIR324	10	6	4
SLC2A4	52	26	26
ZBTB4	1104	549	555
TNFSF12	134	74	60
TNFSF13	15	5	10
EIF4A1	2779	1433	1346
TP53	204	108	96
MIR8867	23	10	13
GUCY2D	0	0	0
RPL26	1228	607	621
RCVRN	0	0	0
MYH8	0	0	0
MYH4	0	0	0
MYH1	0	0	0
MYH2	0	0	0
MYH3	0	0	0
TVP23B	834	424	410
ADORA2B	220	114	106
ALDH3A1	0	0	0
MIR8872	15	7	8
SREBF1	3280	1624	1656
MIR33B	1	0	1
FLCN	654	338	316
KCNJ12	26	13	13
MIR8869	6	3	3
IL12RB2	19	11	8
LEPR	2287	1152	1135
LOC609115	1804	895	909
MIR101-1	0	0	0
JAK1	6613	3294	3319
FAM151A	105	50	55
DIO1	4	3	1
SLC1A7	6	4	2
MIR200B	0	0	0
MIR200A	0	0	0
MIR429	0	0	0
TNFRSF18	0	0	0
B3GALT6	137	57	80
TAS1R3	4	0	4
SSU72	636	291	345
GNB1	6852	3508	3344
MIR8866	0	0	0
TNFRSF14	392	200	192
MIR551A	0	0	0
NPHP4	538	284	254
SCAMPER	78	42	36
CA6	0	0	0
MIR34A	3	0	3
MC1R	9	3	6
GALNS	412	232	180
CYBA	1769	861	908
SLC7A5	1606	782	824
CFDP1	2526	1264	1262
LOC479649	2	0	2
CHST4	0	0	0
WWP2	1363	679	684
MIR140	0	0	0
NIP7	964	464	500
CDH1	220	103	117
PLA2G15	561	280	281
SLC12A4	5167	2620	2547
MIR328	0	0	0
HSF4	172	89	83
CMTM1	0	0	0
CKLF	0	0	0
GUSB	1688	845	843
MIR2387	0	0	0
MIR590	3	1	2
CLDN3	0	0	0
CCL26	2	1	1
CCL24	0	0	0
POR	1101	549	552
HSPB1	3066	1542	1524
ZP3	4	3	1
SERPINE1	3568	1822	1746
EPO	0	0	0
MIR106B	0	0	0
MIR93	0	0	0
MIR25	3	2	1
AZGP1	0	0	0
CYP3A26	0	0	0
CYP3A12	3	1	2
EIF2AK1	958	458	500
RAC1	3610	1784	1826
ACTB	17320	9243	8077
MIR589	1	1	0
MIR8873A	0	0	0
MIR8876	40	22	18
MIR8879	0	0	0
MIR339-1	1	1	0
PDGFA	342	154	188
SLC5A2	447	201	246
ITGAD	0	0	0
CTF1	39	14	25
C6H16orf93	61	31	30
TMEM265	79	35	44
SEPHS2	1803	876	927
MVP	4218	2135	2083
SULT1A1	1867	921	946
CLN3	384	176	208
C6H16orf82	0	0	0
MIR8875	4	3	1
MIR8878	0	0	0
ZP2	0	0	0
UMOD	0	0	0
GP2	1	0	1
RPS15A	7990	4172	3818
XYLT1	70	33	37
ABCC1	976	491	485
NDE1	384	197	187
MIR365-1	0	0	0
MIR193B	0	0	0
MIR8874	0	0	0
PRM2	0	0	0
TNP2	3	2	1
PAM16	458	215	243
DNASE1	10	3	7
TNFRSF12A	681	335	346
MIR1842	14	6	8
PKD1	2506	1251	1255
SLC9A3R2	510	235	275
SEPX1	91	38	53
LOC448801	0	0	0
LOC100049001	0	0	0
SSTR5	0	0	0
MIR8877	10	5	5
HAGHL	204	97	107
LOC100855540	2	2	0
LOC100855558	3	2	1
MIR8799F	0	0	0
PGB	0	0	0
MIR8799E-1	0	0	0
MIR8799E-2	0	0	0
KCNA2	0	0	0
MIR197	11	6	5
TAF13	69	33	36
VCAM1	9631	4807	4824
SLC35A3	547	284	263
AGL	2232	1140	1092
MIR137	0	0	0
F3	1077	570	507
ABCA4	87	45	42
GFI1	5	3	2
SEP15	4131	2100	2031
UOX	0	0	0
LPHN2	0	0	0
PTGFR	56	20	36
ASB17	0	0	0
CRYZ	90	50	40
TNNI3K	2	2	0
FPGT	327	151	176
MIR186	7	3	4
PTGER3	0	0	0
RPE65	1	0	1
CHI3L1	1	1	0
ADORA1	16	6	10
CYB5R1	652	322	330
PKP1	0	0	0
TNNT2	1	0	1
MIR181A-1	0	0	0
MIR181B-1	0	0	0
ASPM	1325	672	653
IL10	0	0	0
PIGR	0	0	0
MIR29C-1	0	0	0
MIR29C-2	0	0	0
MIR29B-2	0	0	0
CD34	3	3	0
MIR205	0	0	0
HSD11B1	0	0	0
TRAF5	220	122	98
XPR1	751	358	393
GLUL	1723	841	882
CE9	0	0	0
RNASEL	2015	997	1018
LAMC2	22	15	7
NCF2	5	4	1
PDC	0	0	0
PTGS2	66	32	34
ANGPTL1	18	12	6
MIR488	0	0	0
MIR1843	0	0	0
FASLG	0	0	0
MIR199-2	9	8	1
MIR214	29	14	15
MYOC	0	0	0
FMO1	0	0	0
FMO3	263	145	118
SELE	15	4	11
SELP	0	0	0
DPT	1035	527	508
TBX19	0	0	0
ADCY10	0	0	0
KMO	1	0	1
MIR350	0	0	0
MIR7180	0	0	0
MIR8881	11	5	6
PSEN2	245	110	135
TMEM63A	953	485	468
CD5L	0	0	0
BCAN	0	0	0
MIR9-1	0	0	0
RHBG	3	2	1
SSR2	3034	1504	1530
LMNA	8766	4380	4386
ARHGEF2	2430	1212	1218
PKLR	0	0	0
MIR92B	0	0	0
MUC1	149	88	61
KRTCAP2	905	402	503
MIR190B	0	0	0
TPM3	1260	631	629
RPS27	1790	947	843
S100A4	6084	3005	3079
S100A8	7	6	1
ATP5A1	6121	3104	3017
PIK3C3	838	430	408
SLC39A6	1100	580	520
MIR187	0	0	0
DSG3	0	0	0
DSG1	0	0	0
CDH2	1543	775	768
CABYR	137	70	67
NPC1	4537	2239	2298
MIR1-2	0	0	0
MIR133A	0	0	0
SNRPD1	1050	506	544
CLUL1	0	0	0
TYMS	2088	1086	1002
LOC403581	6728	3286	3442
MIR8865	1	1	0
SLC7A8	4	0	4
BCL2L2	188	91	97
PABPN1	791	393	398
MYH7	10	2	8
MIR208A	0	0	0
MIR208B	0	0	0
DHRS4	572	302	270
TGM1	24	12	12
CMA1	1	1	0
SRP54	2300	1127	1173
SSTR1	0	0	0
PNN	1416	704	712
RN7SL1	1	0	1
PYGL	626	321	305
PTGER2	58	25	33
BMP4	711	359	352
LGALS3	2391	1253	1138
MIR8883	47	24	23
HIF1A	6340	3202	3138
ZBTB1	1099	605	494
SPTB	18	14	4
GPX2	3	2	1
FUT8	1230	631	599
ARG2	1052	499	553
COX16	60	26	34
SYNJ2BP	615	332	283
PSEN1	1406	737	669
NPC2	2041	1025	1016
ACYP1	25	11	14
NGB	0	0	0
DIO2	8	7	1
TSHR	0	0	0
MIR8884	1	0	1
GALC	169	91	78
TTC8	164	81	83
PSMC1	1705	859	846
SERPINA1	0	0	0
BDKRB2	158	83	75
BDKRB1	2	1	1
MIR342	0	0	0
MIR345	0	0	0
MIR493	0	0	0
MIR665	0	0	0
MIR433	0	0	0
MIR127	0	0	0
MIR432	0	0	0
MIR136	0	0	0
MIR370	0	0	0
MIR379	0	0	0
MIR411	0	0	0
MIR299	0	0	0
MIR380	0	0	0
MIR323	0	0	0
MIR758	0	0	0
MIR329B	0	0	0
MIR329A	0	0	0
MIR494	0	0	0
MIR543	0	0	0
MIR495	0	0	0
MIR3958	0	0	0
MIR376A-3	0	0	0
MIR376C	0	0	0
MIR376A-2	0	0	0
MIR376B	0	0	0
MIR376A-1	0	0	0
MIR300	0	0	0
MIR1185	0	0	0
MIR381	0	0	0
MIR487B	0	0	0
MIR539	0	0	0
MIR889	0	0	0
MIR544	0	0	0
MIR487A	0	0	0
MIR382	0	0	0
MIR134	0	0	0
MIR485	0	0	0
MIR496	0	0	0
MIR377	0	0	0
MIR409	0	0	0
MIR369	0	0	0
MIR410	0	0	0
DIO3	4	3	1
AMN	4	0	4
MIR8882	0	0	0
MIR203	0	0	0
HGS	867	427	440
PDE6G	0	0	0
ACTG1	48262	24168	24094
MIR338	0	0	0
SGSH	471	231	240
TIMP2	1332	676	656
SOCS3	397	191	206
BIRC5	740	369	371
SYNGR2	882	452	430
MIR6516	0	0	0
ST6GALNAC1	0	0	0
ST6GALNAC2	119	50	69
PRCD	0	0	0
CYGB	0	0	0
RHBDF2	158	80	78
AANAT	0	0	0
MIR8886	0	0	0
ZACN	1	0	1
SRP68	1597	765	832
UNK	786	409	377
GALK1	713	366	347
SUMO2	2201	1139	1062
HN1	516	276	240
SSTR2	8	6	2
SOX9	48	23	25
ITGB3	1342	683	659
MIR8885	59	35	24
MAPT	4	1	3
GH1	0	0	0
DDX5	10776	5405	5371
APOH	0	0	0
ARSG	16	3	13
KCNJ2	6	3	3
GJC1	364	188	176
ITGA2B	37	19	18
SLC4A1	0	0	0
BRCA1	636	328	308
RPL27	3035	1480	1555
G6PC	2	0	2
CCDC56	361	186	175
TUBG1	634	326	308
HCRT	0	0	0
RAB5C	1070	556	514
JUP	3947	1971	1976
EIF1	6024	3134	2890
KRT14	1	1	0
KRT9	0	0	0
KRT19	0	0	0
KRT15	0	0	0
KRT12	1	1	0
KRT10	177	90	87
MIR8888	0	0	0
RARA	600	290	310
THRA	545	260	285
ERBB2	1267	690	577
PGAP3	93	40	53
TCAP	35	19	16
RPL23	1148	590	558
PSMB3	827	421	406
MIR152	0	0	0
MIR10A	0	0	0
MIR196A-1	0	0	0
GNGT2	0	0	0
PHB	836	391	445
COL1A1	214710	106072	108638
XYLT2	456	226	230
NME1	592	312	280
NME2	2516	1279	1237
MIR1844	0	0	0
MIR142	0	0	0
MIR454	3	1	2
MIR301A	0	0	0
MIR21	0	0	0
TUBD1	152	81	71
TBX4	0	0	0
TBX2	59	33	26
CCL4	2	2	0
CCL3	0	0	0
LOC480600	0	0	0
CCL5	35	16	19
CCL1	0	0	0
CCL13	0	0	0
CCL8	0	0	0
CCL7	14	10	4
CCL2	5212	2633	2579
SPACA3	0	0	0
MIR632	173	83	90
MIR365-2	1	0	1
MIR193A	0	0	0
LGALS9	6054	3068	2986
NOS2	177	80	97
POLDIP2	2052	1073	979
ALDOC	4117	2006	2111
MIR451	0	0	0
MIR144	0	0	0
CRYBA1	0	0	0
MIR423A	0	0	0
SLC6A4	0	0	0
MIR22	9	4	5
SERPINF1	3102	1598	1504
MIR132	0	0	0
MIR212	0	0	0
COR1A3	0	0	0
GNG10	687	371	316
OR1E2	0	0	0
TRPV1	31	14	17
MIR8889	0	0	0
GRIN1	1	0	1
FUT7	5	2	3
PTGDS	15	6	9
MIR126	0	0	0
LHX3	0	0	0
LCN1	0	0	0
ABO	18	9	9
RPL7A	9660	4763	4897
ADAMTS13	25	11	14
DBH	1	1	0
GBGT1	1202	581	621
PTGES	105	54	51
MIR8887	56	26	30
MIR219-2	0	0	0
DNM1	11	5	6
MIR199-3	0	0	0
PTGES2	180	92	88
AK1	583	308	275
RPL12	6123	3114	3009
SLC2A8	507	248	259
MIR181B-2	5	3	2
MIR181A-2	1	1	0
PSMB7	1916	964	952
PTGS1	0	0	0
GGTA1	4732	2384	2348
SHOX	0	0	0
ARSE	330	167	163
ARSH	0	0	0
OBP	0	0	0
TLR7	0	0	0
RAB9A	1093	550	543
ACE2	0	0	0
ARX	5	4	1
LOC491788	0	0	0
MAGEB10	0	0	0
DMD	503	245	258
TMEM47	1423	704	719
CYBB	4	2	2
DYNLT3	739	348	391
RPGR	143	74	69
MAOA	2	1	1
MAOB	0	0	0
KDM6A	1286	620	666
MIR221	0	0	0
MIR222	0	0	0
USP11	2535	1304	1231
TIMP1	3468	1665	1803
SLC35A2	389	199	190
FOXP3	2	2	0
MIR532	0	0	0
MIR188	0	0	0
MIR500	0	0	0
MIR362	0	0	0
MIR660	0	0	0
MIR502	0	0	0
CCNB3	238	116	122
MIR8791B	0	0	0
KDM5C	3306	1670	1636
MIR98	0	0	0
MIR8834B	0	0	0
MIR1468	0	0	0
MIR223	0	0	0
EDA	7	4	3
MIR676	0	0	0
IL2RG	5	4	1
CXCR3	0	0	0
RPS4X	8076	3983	4093
MIR421	9	3	6
MIR374B	17	7	10
MIR545	0	0	0
MIR374A	0	0	0
MIR384	0	0	0
MIR325	0	0	0
MIR361	0	0	0
MIRLET7J	0	0	0
TIMM8A	128	65	63
BEX4	104	58	46
MIR8904A	0	0	0
PLP1	0	0	0
CLDN2	0	0	0
COL4A5	34	21	13
MIR652	0	0	0
MIR764	0	0	0
HTR2C	0	0	0
MIR448	0	0	0
IL13RA2	4	1	3
PGRMC1	2686	1399	1287
LOC403555	114	57	57
MIR8904B	0	0	0
XIAP	274	128	146
MIR2483	0	0	0
SLC25A14	136	66	70
MIR363	0	0	0
MIR92A-2	0	0	0
MIR19B-2	0	0	0
MIR20B	0	0	0
MIR18B	0	0	0
MIR106A	0	0	0
HPRT1	1138	620	518
MIR450B	0	0	0
MIR450A	0	0	0
MIR542	0	0	0
MIR503	0	0	0
MIR424	0	0	0
HTATSF1	1036	510	526
CD40LG	2	0	2
MIR504	0	0	0
F9	0	0	0
MIR505	1	1	0
MIR8908C	0	0	0
MIR8908E	0	0	0
MIR8908B	0	0	0
MIR8908D-2	0	0	0
MIR8908A-4	0	0	0
MIR8908A-1	0	0	0
MIR8908D-3	0	0	0
MIR8908A-2	0	0	0
MIR8908D-1	0	0	0
MIR8908A-3	0	0	0
MIR8908F	0	0	0
MIR506	0	0	0
MIR507A	0	0	0
MIR508A	0	0	0
MIR508B	0	0	0
MIR507B	0	0	0
MIR514	0	0	0
IDS	1388	712	676
MIR2114	0	0	0
VMA21	66	30	36
MIR224	0	0	0
MIR452	0	0	0
MIR105A	0	0	0
MIR105B	0	0	0
BGN	7678	3943	3735
SSR4	959	482	477
AVPR2	0	0	0
MIR718	0	0	0
OPN1LW	0	0	0
GDI1	2329	1176	1153
MPP1	549	278	271
F8	0	0	0
FUNDC2	294	153	141
CLIC2	385	185	200
