N_unmapped	1093804	1093804	1093804
N_multimapping	746324	746324	746324
N_noFeature	16546891	17659839	17667802
N_ambiguous	10510	2512	2376
CYB5A	369	182	187
BCL2	118	64	54
PPIAP1	6	1	5
CDH20	0	0	0
MC4R	0	0	0
PMAIP1	75	42	33
SEC11C	361	2869	3105
MIR122	0	0	0
TCF4	832	385	447
VNN1	11	7	4
TBPL1	54	30	24
UTRN	13814	7032	6782
PPIL4	468	231	237
LATS1	527	275	252
ESR1	4	2	2
MIR8873B	0	0	0
NOX3	0	0	0
EZR	5147	2632	2515
MIR1836	8	4	4
MAS1	0	0	0
IGF2R	8563	4286	4277
SLC22A2	1	1	0
PLG	0	0	0
QKI	1374	678	696
T	0	0	0
SMOC2	58	31	27
THBS2	296	164	132
PLN	1	1	0
GJA1	1984	1022	962
TRDN	0	0	0
ARHGAP18	400	194	206
MIR24-1	5	4	1
MIR27B	1	1	0
MIR23B	2	0	2
DAPK1	422	212	210
HNRNPK	9800	4946	4854
MIR7-1	5	0	5
GNAQ	546	288	258
ANXA1	11603	5818	5785
ALDH1A1	0	0	0
MIR204	0	0	0
TJP2	3088	1549	1539
FXN	59	37	22
VLDLR	1729	895	834
SLC1A1	67	36	31
MIR101-2	0	0	0
RLN1	3	1	2
CD274	31	17	14
MIRLET7D	4	3	1
MIRLET7F	0	0	0
MIR8893	0	0	0
UBE2S	699	347	352
TNNI3	17	5	12
NCR1	0	0	0
PRPF31	769	389	380
MIR371	0	0	0
ZNF331	286	140	146
VN1R4	0	0	0
MIR8891	3	2	1
MIR125A	0	0	0
MIRLET7E	0	0	0
MIR99B	0	0	0
KLK14	4	0	4
KLK10	0	0	0
KLK9	0	0	0
KLK8	0	0	0
KLK7	0	0	0
KLK6	0	0	0
KLK5	0	0	0
KLK4	0	0	0
KLK2	0	0	0
KLK1	0	0	0
MIR150	0	0	0
FLT3LG	77	39	38
MIR8890	2	1	1
NTF4	13	5	8
LHB	7	5	2
FTL	5902	3261	2641
BAX	170	85	85
DHDH	37	19	18
HSD17B14	129	66	63
RPL18	4585	2316	2269
ELSPBP1	3	3	0
CRX	0	0	0
SEPW1	1771	903	868
C5AR1	1	0	1
ARHGAP35	2505	1283	1222
SLC1A5	2470	1252	1218
MIR769	5	1	4
SNRPD2	1212	609	603
MIR330	0	0	0
VASP	1623	853	770
FOSB	77	35	42
APOC2	0	0	0
APOC1	0	0	0
CEACAM16	2	0	2
LOC476445	53	27	26
XRCC1	966	487	479
CEACAM23	3	2	1
CEACAM24	0	0	0
CAECAM1	17	10	7
CEACAM28	23	12	11
CEACAM30	0	0	0
CEACAM1	44	22	22
GRIK5	5	1	4
RABAC1	2785	1452	1333
TGFB1	585	274	311
CYP2B6	0	0	0
CYP2A7	0	0	0
CYP2A13	0	0	0
RAB4B	288	158	130
MIR8892	15	7	8
AKT2	717	350	367
LGALS4	8	4	4
SPINT2	835	417	418
TYROBP	3	2	1
PSENEN	624	322	302
ATP4A	0	0	0
KRTDAP	0	0	0
HAMP	1	0	1
FXYD1	628	302	326
SCN1B	37	16	21
RHPN2	116	51	65
SLC7A9	0	0	0
MIR578	0	0	0
PMEL	39	28	11
MIP	0	0	0
NACA	2516	1281	1235
TAC3	0	0	0
MIR26A-2	2	0	2
AVPR1A	0	0	0
IFNG	0	0	0
MDM2	1289	680	609
LYZ	0	0	0
TPH2	0	0	0
ARSA	2035	1030	1005
SELO	598	313	285
PPARA	43	25	18
MIRLET7B	3	2	1
MIRLET7A-1	1	0	1
MIR1249	30	16	14
ARHGAP8	0	0	0
PRR5	7	5	2
CYB5R3	1753	884	869
MIR8829	7	3	4
CYP2D15	0	0	0
MIR33A	0	0	0
ST13	1650	817	833
MCHR1	0	0	0
RPL3	7659	3774	3885
PDGFB	12	7	5
EIF3L	458	224	234
LGALS1	7561	3660	3901
LGALS2	100	55	45
MIR8828	0	0	0
MIR1835	0	0	0
SSTR3	0	0	0
IL2RB	0	0	0
MIR8827	0	0	0
MYH9	28370	14256	14114
HMOX1	302	165	137
TIMP3	1266	640	626
TXNRD1	3311	1688	1623
MIR8799C	0	0	0
MIR8826	0	0	0
RFX8	1	1	0
UBE2N	90	51	39
RPL31	690	351	339
CNGA3	0	0	0
COX5B	1060	527	533
THADA	476	223	253
SLC3A1	132	62	70
STON1	322	162	160
GTF2A1L	0	0	0
ASB3	722	348	374
RPS27A	6041	3166	2875
MIR217	0	0	0
MIR216A	0	0	0
MIR216B	0	0	0
COMMD1	808	420	388
RAB1A	1945	998	947
PLEK	0	0	0
ANXA4	1748	895	853
SNRPG	196	105	91
MIR340	0	0	0
CANX	19256	9642	9614
PROP1	0	0	0
TICAM2	91	44	47
TMED7	1825	928	897
MIR8830-2	0	0	0
MIR8830-1	0	0	0
MIR8830-3	0	0	0
IL3	0	0	0
CSF2	0	0	0
IL5	2	1	1
IL13	0	0	0
IL4	1	0	1
GDF9	63	29	34
HSPA4	2540	1283	1257
SKP1	1937	952	985
PPP2CA	1433	711	722
MIR874	0	0	0
BTF3	2113	1045	1068
SLBP2	2	1	1
ETF1	268	137	131
MATR3	6690	3462	3228
MLANA	0	0	0
IL33	9	4	5
TYRP1	0	0	0
FTH1	4986	2472	2514
RPS6	7848	3927	3921
MIR491	0	0	0
IFNB1	0	0	0
IFNA5	0	0	0
IFNA8	0	0	0
IFNA6	0	0	0
IFNA7	0	0	0
MIR31	0	0	0
CDKN2B	210	110	100
MIR8831	0	0	0
MIR872	0	0	0
IFNK	1	1	0
MIR876	0	0	0
NDUFB6	280	139	141
APTX	187	95	92
DNAJA1	623	273	350
MIR207	1	0	1
CNTFR	9	3	6
CCL27	5	4	1
CCL19	0	0	0
CCL21	0	0	0
ARHGEF39	434	221	213
CA9	95	52	43
RECK	864	445	419
SEC61B	806	407	399
INVS	860	402	458
OR13F1	0	0	0
COR13C13	0	0	0
MIR32	4	3	1
AKAP2	364	183	181
DNAJC25	384	190	194
UGCG	533	278	255
HSDL2	620	308	312
SLC46A2	16	9	7
LOC481674	6	2	4
MIR455	0	0	0
TNC	3	1	2
TLR4	0	0	0
STOM	1815	909	906
RPP21	253	120	133
DLA88	1143	561	604
DLA-12	252	127	127
DLA-64	191	102	96
DDX39B	3035	1549	1486
ATP6V1G2	1	1	0
NFKBIL1	193	102	91
TNF	4	3	1
LTB	12	9	3
LY6G5C	9	5	4
CLIC1	3325	1694	1631
HSP70	97	53	44
CYP21A2	80	49	31
AGER	24	11	13
DLA-DRA	0	0	0
HLA-DRB1	2	2	0
DLA-DQA1	0	0	0
DLA-DQB1	0	0	0
DLA-DOB	3	1	2
TAP2	2270	1123	1147
PSMB8	28	19	9
TAP1	2063	1049	1014
PSMB9	251	122	129
DLA-DMB	14	8	6
DLA-DMA	29	15	14
BRD2	5409	2729	2680
SLC39A7	5260	2608	2652
MIR219-1	2	0	2
RING1	896	455	441
VPS52	902	449	453
RPS18	5428	2784	2644
B3GALT4	188	94	94
PFDN6	375	202	173
TAPBP	7561	3865	3696
LOC481744	524	258	266
MIR8832	0	0	0
HMGA1	1257	645	612
NUDT3	601	291	310
RPS10	2438	1209	1229
FKBP1A	838	429	409
PPARD	892	457	435
RPL10A	4082	2062	2020
CLPS	0	0	0
MAPK14	651	315	336
PNPLA1	0	0	0
PIM1	273	144	129
TREM1	0	0	0
PRPH2	3	1	2
VEGFA	3037	1522	1515
SLC29A1	3429	1744	1685
SLC35B2	761	402	359
SLC25A27	157	73	84
PLA2G7	2024	1011	1013
RHAG	8	8	0
DEFB112	0	0	0
TFAP2B	23	13	10
MIR206	0	0	0
IL17A	0	0	0
GSTA4	736	366	370
FBXO9	790	410	380
HCRTR2	0	0	0
LGSN	0	0	0
SMAP1	382	200	182
B3GAT2	29	16	13
MIR30C-2	0	0	0
MIR30A	0	0	0
OOEP	0	0	0
EEF1A1	26309	13233	13076
MIR8835	805	419	386
HTR1B	331	165	166
MIR8834A-2	0	0	0
MIR8834A-1	0	0	0
SNAP91	24	17	7
CGA	0	0	0
SLC35A1	164	87	77
MIR8833	0	0	0
FUT9	0	0	0
MCHR2	0	0	0
FIG4	568	307	261
MIR599	0	0	0
MIR875	0	0	0
AZIN1	4039	2049	1990
FZD6	3060	1546	1514
ZFPM2	112	55	57
ANGPT1	567	287	280
MIR8836	0	0	0
EBAG9	432	182	250
ANXA13	10	6	4
MYC	424	210	214
TG	2	2	0
NDRG1	1413	731	682
MIR30B	0	0	0
MIR30D	0	0	0
MIR151	0	0	0
FAM83H	525	275	250
ZNF252	443	225	218
MIR8880	0	0	0
CNGA1	4	3	1
KIT	6	3	3
KDR	38	19	19
SRP72	4152	2119	2033
GNRHR	0	0	0
UGT2B31	0	0	0
SULT1B1	0	0	0
CSN2	0	0	0
ODAM	0	0	0
ALB	1	0	1
AFP	0	0	0
CXCL8	734	377	357
PPBP	3	0	3
ARF1	931	487	444
COR2T18	0	0	0
AKR1B1	170	87	83
SLC35B4	310	139	171
PODXL	75	39	36
MIR29B-1	0	0	0
MIR29A	0	0	0
MIR335	0	0	0
MIR183	0	0	0
MIR96	0	0	0
MIR182	0	0	0
LEP	0	0	0
MIR129-1	0	0	0
MIR592	0	0	0
ABCB1	341	183	158
CALCR	0	0	0
MIR653	0	0	0
MIR489	0	0	0
GNGT1	0	0	0
COL1A2	249553	124812	124741
PEG10	1790	849	941
PON2	2331	1161	1170
MIR8841-1	0	0	0
MIR8841-2	0	0	0
CAFA-T2R2	0	0	0
CRSP-4	0	0	0
IL6	7	5	2
MYEOV2	336	176	160
CYCS	685	364	321
NPVF	0	0	0
MIR148A	0	0	0
MIR196B	4	3	1
HOXA10	176	86	90
PLEKHA8	447	225	222
AQP1	2	2	0
TES	1929	1014	915
CAV2	1463	766	697
CAV1	2330	1184	1146
MET	4629	2256	2373
CAPZA2	1919	958	961
CFTR	0	0	0
SLC2A1	1030	534	496
GUCA2A	0	0	0
MIR8839	0	0	0
EDN2	73	40	33
MIR30C-1	0	0	0
MIR30E	0	0	0
COL9A2	517	257	260
PPT1	1472	759	713
MYCBP	83	35	48
RSPO1	1	0	1
C15H16orf87	125	72	53
MIR761	7	4	3
CYP4X1	0	0	0
CYP4A37	0	0	0
CYP4A38	0	0	0
CYP4A11	0	0	0
AKR1A1	489	251	238
PRDX1	4399	2213	2186
COR11G5	0	0	0
COR11G9	0	0	0
RPPH1	5	3	2
APEX1	1844	836	1008
MIR8838	0	0	0
KITLG	87	47	40
ATP2B1	2542	1252	1290
DCN	9993	5011	4982
MIR8840	0	0	0
MIR331	4	3	1
MIR135A-2	0	0	0
MIR8837	0	0	0
PMCH	21	11	10
HSP90B1	26298	13284	13014
GYPA	0	0	0
EDNRA	51	24	27
TLR2	669	321	348
SFRP2	763	407	356
GUCY1A3	27	12	15
GUCY1B3	14	7	7
ETFDH	1477	734	743
NPY1R	8	6	2
NPY5R	10	5	5
MIR8862	0	0	0
MIR8852	0	0	0
MIR8853	0	0	0
MIR8793-3	0	0	0
MIR8793-2	0	0	0
MIR8793-1	0	0	0
cOR13M4	0	0	0
TAS2R41	0	0	0
CLCN1	30	7	23
CASP2	1157	556	601
TAS2R40	39	23	16
TAS2R39	1	0	1
TAS2R38	0	0	0
TAS2R5	0	0	0
TAS2R3	0	0	0
SSBP1	155	77	78
HIPK2	551	287	264
LUC7L2	1361	687	674
C16H7orf55	67	38	29
MIR8794-2	0	0	0
MIR8794-1	0	0	0
MIR8907	0	0	0
MIR490	0	0	0
MTPN	810	413	397
MIR8847	0	0	0
MIR8906	6	3	3
MIR8849	0	0	0
MIR8863	0	0	0
SSPO	34	17	17
KCNH2	0	0	0
NOS3	0	0	0
FASTK	764	400	364
MIR671	89	44	45
MIR8855	0	0	0
MIR8850	0	0	0
MIR8851	0	0	0
MIR153	0	0	0
VDAC3	817	417	400
AP3M2	98	61	37
MIR486	0	0	0
MIR8854	72	38	34
MIR8799D	0	0	0
ADAM9	5836	2932	2904
STAR	0	0	0
ADRB3	0	0	0
FUT10	179	92	87
MBOAT4	0	0	0
LEPROTL1	628	308	320
MIR8856	11	5	6
MIR8848	7	2	5
DLC1	2303	1129	1174
MIR383	0	0	0
F11	0	0	0
KLKB1	17	9	8
CASP3	489	227	262
RWDD4	131	76	55
SPCS3	658	317	341
MCPH1	434	202	232
ANGPT2	3	2	1
DEFB1	0	0	0
DEFB4A	0	0	0
CBD103	2	1	1
SPAG11E	0	0	0
SPAG11B	0	0	0
DEFB105A	0	0	0
TPO	0	0	0
RNASEH1	260	137	123
ADAM17	1782	860	922
MIR8846	1	1	0
TRIB2	392	192	200
MIR8845	0	0	0
RHOB	662	336	326
MIR1301	0	0	0
RAB10	1317	659	658
EPT1	272	134	138
KHK	37	14	23
GCKR	10	4	6
MIR1837-1	0	0	0
MIR1837-2	0	0	0
MIR1837-3	0	0	0
MRPL33	293	174	119
PPP1CB	2194	1098	1096
C17H2orf71	0	0	0
SRD5A2	0	0	0
EIF2AK2	678	352	326
CYP1B1	899	464	435
SLC8A1	120	54	66
MAL	0	0	0
NPHP1	120	57	63
TPC3	419	204	215
IL1A	5	2	3
IL1B	10	4	6
IL1RN	1	0	1
PAX8	0	0	0
FOXI3	0	0	0
FABP1	0	0	0
CD8A	0	0	0
MIR8843	1	0	1
MAT2A	1727	914	813
LOC100687463	0	0	0
REG3A	0	0	0
TACR1	0	0	0
HTRA2	493	253	240
MIR8842	9	3	6
CDK2AP1	1155	595	560
NRAS	1316	668	648
TSHB	0	0	0
NGF	129	71	58
ATP1A1	8815	4452	4363
HSD3B2	0	0	0
GJA5	2	0	2
FCGR1A	0	0	0
MCL1	1445	679	766
CTSS	28	13	15
CTSK	1606	837	769
CDC42SE1	653	318	335
PIP5K1A	2231	1142	1089
PSMD4	1288	642	646
CGN	45	21	24
RIIAD1	53	26	27
OAZ3	0	0	0
SMCP	0	0	0
MIR8844	0	0	0
ADORA3	0	0	0
SEC61G	650	315	335
DLD	1272	619	653
CD36	3	1	2
HGF	51	21	30
HRAS	236	141	95
MIR210	0	0	0
LOC610760	827	427	400
MIR129-2	0	0	0
SLC1A2	2	1	1
CD44	4046	2132	1914
MIR1343	0	0	0
CAT	1697	842	855
C18H11orf31	385	214	171
ZDHHC5	2534	1293	1241
MIR130A	0	0	0
COR12E4	0	0	0
CFOLF1	0	0	0
COR5L1	0	0	0
DLA-79	0	0	0
OR4S2	0	0	0
MYBPC3	0	0	0
ARHGAP1	1497	761	736
SLC35C1	328	151	177
MIR8861	0	0	0
CTSD	837	424	413
H19	249	118	131
IGF2	0	0	0
MIR483	0	0	0
INS	0	0	0
TH	0	0	0
MIR8859A	5	3	2
MIR8859B	6	4	2
MIR8860	0	0	0
CCND1	163	62	101
CPT1A	3818	1822	1996
NDUFS8	672	332	340
GSTP1	743	353	390
PPP1CA	2429	1167	1262
CCS	471	233	238
MIR8858	157	76	81
MIR192	0	0	0
MEN1	485	235	250
SLC22A12	0	0	0
ESRRA	235	118	117
BAD	205	109	96
OTUB1	384	198	186
COX8A	729	356	373
RTN3	4159	2066	2093
LGALS12	0	0	0
BEST1	7	2	5
PGA	0	0	0
GPR44	0	0	0
IL15	0	0	0
UCP1	61	27	34
SLC7A11	366	195	171
MIR8857	0	0	0
IL21	0	0	0
IL2	0	0	0
LOC476104	0	0	0
GYPC	98	57	41
CNTNAP5	0	0	0
TMEM185B	345	150	195
EPB41L5	189	90	99
DBI	908	493	415
MIR128-1	0	0	0
CXCR4	2	1	1
CREM	124	57	67
MIR8864-4	0	0	0
MIR8864-1	0	0	0
MIR8864-3	0	0	0
GAD2	5	2	3
BMI1	936	468	468
COMMD3	716	346	370
MIR8895	0	0	0
PTPLA	17	8	9
ST8SIA6	0	0	0
VIM	50116	25321	24795
CUBN	164	81	83
SEPHS1	3816	1867	1949
LOC478000	1332	638	694
LOC478001	0	0	0
IL2RA	1	1	0
GDI2	3390	1681	1709
AKR1C3	0	0	0
SLC23A1	6	2	4
PFDN1	267	152	115
ANKHD1	1619	841	778
EIF4EBP3	141	70	71
NR3C1	1192	596	596
SPINK5	21	12	9
GPX8	2318	1165	1153
MIR449A	0	0	0
MIR449B	0	0	0
IL6ST	9157	4521	4636
MIR582	0	0	0
HTR1A	0	0	0
ATP1B1	551	281	270
AK6	64	28	36
TAF9	352	174	178
OCLN	128	63	65
SMN	427	214	213
MIR8813-2	0	0	0
GOT2	604	294	310
CNGB1	0	0	0
CCL17	16	10	6
CX3CL1	1217	577	640
MIR138B	0	0	0
MT1E	217	107	110
MT2A	670	349	321
MT4	0	0	0
CES5A	0	0	0
CES1	0	0	0
SLC6A2	0	0	0
NOD2	85	44	41
AZIN2	128	62	66
EPB41	577	271	306
TAF12	54	26	28
RCC1	535	274	261
SNHG3	48	21	27
PTAFR	1	1	0
SLC9A1	850	453	397
HMGN2	3437	1766	1671
CD52	0	0	0
SEPN1	2128	1076	1052
TMEM57	753	370	383
RHCE	0	0	0
CNR2	0	0	0
FUCA1	4905	2443	2462
RPL11	4507	2152	2355
ID3	394	182	212
MIR8897	15	7	8
HTR1D	26	13	13
CDC42	729	365	364
ALPL	301	160	141
DDOST	7313	3470	3843
TAS1R2	0	0	0
PADI6	0	0	0
SDHB	298	155	143
CASP9	466	210	256
PDPN	0	0	0
MIR8896	9	5	4
MIIP	247	136	111
MFN2	1002	500	502
PLOD1	8358	4211	4147
MIR8894	5	3	2
APITD1	82	36	46
TXNRD3	218	119	99
SEC61A1	11273	5662	5611
RAB7A	2705	1378	1327
CNBP	2922	1444	1478
ISY1	576	309	267
SLC6A6	3154	1579	1575
PPIAP4	181	87	94
RHO	0	0	0
RPL32	4379	2202	2177
PPARG	27	15	12
TAMM41	109	60	49
MIR885	0	0	0
GHRL	5	2	3
VHL	260	124	136
THUMPD3	179	91	88
OXTR	0	0	0
CAV3	1	0	1
SETMAR	44	27	17
MITF	127	66	61
EOGT	521	274	247
FHIT	10	8	2
CCDC66	497	270	227
WNT5A	19	7	12
SELK	241	117	124
PRKCD	631	304	327
MIR135A-1	4	1	3
MIRLET7G	0	0	0
TLR9	11	1	10
MIR8800	72	41	31
MIR8799A	0	0	0
GNAI2	4002	2046	1956
GNAT1	3	1	2
DAG1	9870	4978	4892
NICN1	326	181	145
AMT	507	252	255
RHOA	4411	2231	2180
GPX1	8248	4170	4078
MIR191	1	1	0
MIR425	1	0	1
COL7A1	185	88	97
CAMP	0	0	0
CDC25A	89	46	43
PTH1R	125	52	73
LTF	0	0	0
CCR5	0	0	0
CCR3	0	0	0
CCR1	0	0	0
CCR9	0	0	0
MIR8801	4	4	0
MEF2B	25	10	15
MIR8803	1	1	0
UBA52	1277	609	668
LSM4	182	91	91
INSL3	0	0	0
FAM32A	208	103	105
RAB8A	532	262	270
AKAP8	908	436	472
SLC1A6	0	0	0
CFOLF4	0	0	0
ADGRE2	19	9	10
EMR3	69	40	29
CD97	1442	724	718
PRKACA	582	306	276
MIR1199	0	0	0
MIR181D	2	0	2
MIR181C	0	0	0
MIR23A	0	0	0
MIR27A	1	0	1
MIR24-2	0	0	0
RTBDN	3	0	3
ACP5	8	3	5
EPOR	1	1	0
MIR199-1	3	0	3
ICAM1	8715	4294	4421
P2RY11	18	5	13
PPAN	315	144	171
STXBP2	1200	605	595
CD209	0	0	0
CTXN1	96	52	44
CCL25	0	0	0
ADAMTS10	820	396	424
EMR4	0	0	0
EMR1	0	0	0
TNFSF14	0	0	0
CAPS	36	16	20
FUT5	0	0	0
MIR7-3	0	0	0
MIR8804	19	10	9
MAP2K2	842	420	422
MIR8802	1	1	0
TJP3	54	34	20
NCLN	1152	578	574
LSM7	115	55	60
OAZ1	3751	1844	1907
MIR8805	1	1	0
ELANE	2	2	0
MADCAM1	2	2	0
PGR	24	12	12
GPR83	55	29	26
MIR8812	0	0	0
FOLH1	1931	975	956
TYR	0	0	0
CTSC	113	60	53
MIR708	0	0	0
MIR1838	0	0	0
CLNS1A	274	143	131
SERPINH1	20319	10261	10058
MIR326	0	0	0
SPCS2	1188	585	603
UCP3	4	2	2
UCP2	1056	510	546
MIR139	0	0	0
LRTOMT	112	61	51
IL18BP	272	136	136
cOR51P3	0	0	0
COR52J8	0	0	0
LOC480784	0	0	0
LOC609402	0	0	0
TRIM6	0	0	0
TRIM34	125	65	60
cOR52P3	0	0	0
cOR56B2	0	0	0
cOR52N9	0	0	0
COR56A6	0	0	0
CCKBR	0	0	0
TPP1	1044	499	545
OR2D3	0	0	0
cOR10A3	0	0	0
RPL27A	1181	586	595
ADM	125	63	62
MIR8810	5	2	3
RNF141	228	121	107
ZBED5	1118	534	584
DKK3	3418	1722	1696
PTH	1	1	0
CALCB	0	0	0
CRSP-3	0	0	0
CRSP-2	0	0	0
CALCA	0	0	0
KCNC1	1	1	0
TPH1	0	0	0
SAA1	23	17	6
LDHC	0	0	0
ANO5	537	259	278
SLC17A6	0	0	0
SVIP	0	0	0
CCDC179	0	0	0
BDNF	18	6	12
MIR8811	26	13	13
GIF	0	0	0
MS4A2	3	2	1
MS4A1	0	0	0
MIR8813-1	0	0	0
ATP7B	556	285	271
MIR15A	0	0	0
MIR16-1	0	0	0
MLNR	5	2	3
HTR2A	0	0	0
MIR8814	0	0	0
MIR759	0	0	0
CLN5	1629	804	825
EDNRB	0	0	0
MIR17	0	0	0
MIR18A	0	0	0
MIR19A	0	0	0
MIR20A	0	0	0
MIR19B-1	0	0	0
MIR92A-1	1	0	1
DCT	0	0	0
ABCC4	3401	1707	1694
DZIP1	2918	1469	1449
SLC15A1	0	0	0
BIVM	439	232	207
SLC10A2	0	0	0
EFNB2	64	37	27
TNFSF13B	16	5	11
F7	0	0	0
LOC403829	290	151	139
ATP4B	3	3	0
MIR8807	1	0	1
MIR138A	0	0	0
GLB1	2537	1324	1213
CCR4	0	0	0
MIR128-2	0	0	0
MIR26A-1	0	0	0
SCN5A	4	2	2
SCN10A	0	0	0
CX3CR1	0	0	0
RPSA	3642	1763	1879
RPL14	1769	892	877
CTNNB1	8435	4181	4254
GTDC2	281	152	129
MIR8806	0	0	0
RAB5A	688	331	357
SLCO2A1	1	1	0
CPB1	0	0	0
SELT	2157	1090	1067
P2RY12	0	0	0
P2RY1	11	1	10
MME	620	304	316
MIR8808	0	0	0
THBD	418	199	219
RRBP1	12853	6421	6432
SNRPB2	363	184	179
SLC23A2	478	244	234
PRNP	402	213	189
MIR103-2	0	0	0
MAVS	662	334	328
AVP	0	0	0
DEFB132	0	0	0
DEFB129	0	0	0
DEFB128	0	0	0
DEFB127	0	0	0
DEFB122	0	0	0
DEFB126	0	0	0
DEFB116	0	0	0
CBD118	0	0	0
DEFB119	0	0	0
DEFB3L	0	0	0
DEFB124	0	0	0
BCL2L1	480	225	255
POFUT1	862	437	425
MAPRE1	360	179	181
RALY	2320	1149	1171
ASIP	0	0	0
DYNLRB1	1061	564	497
MIR499	0	0	0
CPNE1	2742	1387	1355
RBM12	1355	642	713
MYL9	3572	1847	1725
GHRH	0	0	0
PI3	16	11	5
SLPI	3	1	2
WFDC2	0	0	0
CE10	0	0	0
CTSA	1703	840	863
MMP9	3	0	3
CD40	94	53	41
AR	297	132	165
SULF2	2851	1507	1344
IL29L	1	1	0
UBE2V1	1482	756	726
MC3R	0	0	0
BMP7	130	73	57
PCK1	0	0	0
RAB22A	478	238	240
GNAS	16915	8679	8236
EDN3	0	0	0
MIR1-1	0	0	0
MIR133C	0	0	0
COL9A3	6	2	4
MIR124-2	0	0	0
MIR124-3	0	0	0
MIR8809	137	71	66
BRCA2	776	373	403
RXFP2	0	0	0
HMGB1	7283	3704	3579
MIR8825	15	8	7
SLC7A1	1527	747	780
FLT3	602	272	330
PDX1	0	0	0
RPL21	1935	987	948
SGCG	2	1	1
SAP18	617	313	304
GJB2	125	65	60
MPHOSPH8	546	278	268
PARP4	1623	774	849
MIR8824	48	16	32
MIR8864-2	0	0	0
CLCN3	1544	803	741
HPGD	0	0	0
GATA4	102	58	44
MIR8820	0	0	0
MIR124-1	0	0	0
MIR8821	8	4	4
CLU	35276	17464	17812
ADRA1A	0	0	0
MIR320	0	0	0
COL4A4	0	0	0
CCL20	2	0	2
HTR2B	4	2	2
PTMA	16070	7925	8145
PDE6D	499	259	240
EIF4E2	258	136	122
SAG	0	0	0
UGT1A6	0	0	0
MIR8823	0	0	0
TRPM8	4	1	3
ACKR3	0	0	0
COL6A3	780	393	387
MLPH	2	2	0
MIR8822	50	25	25
cOR9S7P	0	0	0
COR9S5	0	0	0
MIR149	0	0	0
KIF1A	837	440	397
STK25	677	343	334
RAN	2076	1064	1012
TMEM132C	0	0	0
HCAR1	0	0	0
DIABLO	791	377	414
IL31	0	0	0
P2RX7	11	6	5
ATP2A2	5126	2625	2501
VPS29	721	374	347
PPP1CC	1220	610	610
MYL2	0	0	0
OAS1	1586	817	769
OAS3	1390	703	687
OAS2	861	439	422
NOS1	0	0	0
PEBP1	1810	889	921
MIR8819	274	131	143
HSPB8	933	465	468
RPLP0	4261	2195	2066
PLA2G1B	0	0	0
OASL	763	373	390
TRPV4	295	150	145
SELPLG	2	2	0
CRYBB2	0	0	0
TFIP11	922	487	435
CRYBA4	7	1	6
EWSR1	1704	887	817
NEFH	0	0	0
LIF	110	60	50
GAL3ST1	0	0	0
SELM	535	250	285
SLC5A1	0	0	0
SPECC1L	1421	725	696
ADORA2A	360	175	185
MMP11	543	257	286
MIR8905	0	0	0
ZDHHC8	629	313	316
MIR1306	52	33	19
MIR185	0	0	0
COMT	1918	936	982
MIR301B	0	0	0
MIR130B	0	0	0
MAPK1	2755	1355	1400
PTEN	1742	831	911
LIPF	0	0	0
COR6C13	0	0	0
COR6C47	0	0	0
cOR9K3	0	0	0
MIR148B	2	2	0
MIR615	0	0	0
MIR196A-2	0	0	0
HOTAIR	0	0	0
PFDN5	1048	556	492
KRT76	0	0	0
KRT1	0	0	0
KRT2	0	0	0
KRT71	0	0	0
NR4A1	149	76	73
CELA1	0	0	0
TMBIM6	5834	2926	2908
ADCY6	1471	729	742
LALBA	0	0	0
PFKM	2037	1022	1015
COL2A1	12	5	7
RAPGEF3	46	25	21
PTHLH	124	73	51
MRPS35	390	204	186
PPFIBP1	1999	1018	981
STK38L	450	234	216
MED21	159	84	75
FGFR1OP2	274	136	138
ASUN	473	234	239
BHLHE41	1508	785	723
LDHB	1160	591	569
IAPP	0	0	0
SLCO1B3	0	0	0
GRIN2B	0	0	0
CDKN1B	1016	536	480
TAS2R42	0	0	0
CAFA-T2R67	0	0	0
CAFA-T2R43	0	0	0
CAFA-T2R12	0	0	0
TAS2R10	0	0	0
TAS2R7	0	0	0
CSDA	2219	1074	1145
KLRA1	3	3	0
KLRD1	0	0	0
AICDA	0	0	0
SLC2A3	1004	509	495
CD163	7	3	4
MIR141	0	0	0
MIR200C	0	0	0
TPI1	9272	4623	4649
GNB3	2	1	1
CD4	0	0	0
GAPDH	28509	14929	13580
VWF	2	0	2
KCNA5	2	1	1
SLC6A12	303	154	149
MAPK3	1099	527	572
BID	1615	810	805
FYTTD1	665	358	307
ZFAND4	483	241	242
ALOX5	3	1	2
COR6D7	0	0	0
CXCL12	0	0	0
RET	25	11	14
MIR107	0	0	0
MIR8815-2	0	0	0
MIR8815-1	0	0	0
O3FAR1	0	0	0
PLCE1	1640	832	808
CYP2C18	46	27	19
GOT1	407	195	212
ABCC2	0	0	0
KCNIP2	11	6	5
MIR146B	0	0	0
ACTR1A	2163	1054	1109
MIR1307	0	0	0
MIR8816	0	0	0
ADRB1	1	0	1
PNLIPRP1	0	0	0
PRDX3	1760	862	898
MCMBP	429	235	194
FGFR2	795	411	384
MIR8817	0	0	0
MGMT	1	1	0
INPP5A	1092	538	554
MIR202	0	0	0
CYP2E1	0	0	0
MIR8818	0	0	0
PRKDC	2779	1385	1394
UBE2V2	403	203	200
SNAI2	523	264	259
RP1	0	0	0
RAB2A	1717	889	828
ASPH	755	370	385
CRH	3	0	3
SGK3	381	155	226
C29H8orf34	0	0	0
SULF1	6218	3141	3077
TRAM1	2257	1137	1120
KCNB2	0	0	0
RPL7	7681	3911	3770
IL7	0	0	0
HEY1	23	10	13
MIR8799B	0	0	0
CA1	0	0	0
CA3	10	2	8
CA2	179	90	89
CNGB3	0	0	0
SRP19	125	54	71
FER	333	147	186
ARSK	517	273	244
MIR9-2	0	0	0
CKMT2	8	5	3
ARSB	625	320	305
AP3B1	3146	1589	1557
F2RL1	55	30	25
MIR8901	0	0	0
COR6C40	0	0	0
MIR8799G	0	0	0
MIR211	0	0	0
TJP1	4828	2397	2431
VIMP	888	439	449
ST8SIA2	1	0	1
MIR7-2	0	0	0
ACAN	105	52	53
MIR9-3	0	0	0
RHCG	0	0	0
ANPEP	306	164	142
AP3S2	537	271	266
ARPIN	1046	536	510
SEC11A	1942	1007	935
RPS17	6696	3419	3277
MIR1839	1	0	1
MIR8898	43	17	26
MIR184	0	0	0
MIR8900	0	0	0
MIR95	0	0	0
HGFAC	93	57	36
CD38	3	1	2
ZNF518B	933	477	456
WDR1	6822	3652	3170
SLC2A9	1	1	0
RBM47	10	4	6
MIR574	1	1	0
TLR1	15	9	6
TLR10	0	0	0
CAR1	7	4	3
CCKAR	0	0	0
SMIM20	1277	650	627
MIR218-1	0	0	0
TMED11	0	0	0
PDE6B	2	0	2
MIR8899	0	0	0
MIR8792	0	0	0
SRP14	571	283	288
RAD51	270	123	147
JMJD7	206	105	101
PLA2G4B	64	24	40
SERF2	1067	438	629
B2M	1452	3655	3410
DUOX1	1	1	0
GATM	20	9	11
MIR147	13	6	7
FBN1	32770	16345	16425
FGF7	3	1	2
MIR8791A	0	0	0
CYP19A1	0	0	0
RAB27A	578	290	288
MIR628	0	0	0
ALDH1A2	0	0	0
LIPC	1473	735	738
ANXA2	20319	10188	10131
MIR190A	0	0	0
OAZ2	1913	934	979
RAB11A	1449	739	710
MAP2K1	1071	533	538
RPL4	6174	3067	3107
SMAD3	453	210	243
CLN6	430	214	216
ANP32A	1259	663	596
NOX5	0	0	0
UACA	1237	642	595
CYP1A2	0	0	0
COX5A	223	103	120
MIR631	37	21	16
POU1F1	5	2	3
MIR99A-1	0	0	0
MIRLET7C	0	0	0
MIR125B-2	0	0	0
MIR155	11	5	6
APP	47942	24149	23793
SOD1	1385	694	691
SYNJ1	1121	571	550
C31H21orf62	0	0	0
SLC5A3	102	54	48
KCNE2	3	2	1
MIR802	0	0	0
MX2	164	72	92
MX1	1699	837	862
TFF3	0	0	0
TFF2	0	0	0
TFF1	1	1	0
UBASH3A	0	0	0
CRYAA	0	0	0
CXCL10	255	144	111
FGF5	29	13	16
ABCG2	591	282	309
PIGY	0	0	0
PYURF	0	0	0
HPGDS	1	0	1
BMPR1B	122	68	54
ADH5	276	138	138
H2AFZ	3811	1927	1884
PPP3CA	1188	619	569
NFKB1	1677	804	873
TACR3	0	0	0
OSTC	188	89	99
EGF	0	0	0
MIR367	0	0	0
MIR302D	0	0	0
MIR302A	0	0	0
MIR302C	0	0	0
MIR302B	0	0	0
ARSJ	710	370	340
PDE5A	11	4	7
NFKBIZ	715	358	357
CD47	1683	833	850
MIR568	11	5	6
CD80	26	11	15
COX17	192	98	94
MIR6529	0	0	0
IQCB1	368	199	169
CD86	0	0	0
CASR	0	0	0
ADCY5	108	61	47
TFRC	2903	1485	1418
MIR8789	0	0	0
TAS2R1	0	0	0
SRD5A1	194	97	97
SLC6A3	0	0	0
TERT	11	7	4
MIR8790	0	0	0
ABCC5	631	323	308
AP2M1	6368	3280	3088
CRYGS	7	6	1
ADIPOQ	0	0	0
SST	0	0	0
BCL6	738	380	358
MIR28	0	0	0
IL12A	90	54	36
MIR15B	0	0	0
MIR16-2	0	0	0
MIR551B	0	0	0
GHSR	0	0	0
TNFSF10	679	341	338
SSR1	4974	2519	2455
EDN1	8	6	2
NHLRC1	15	7	8
TPMT	341	169	172
CDKAL1	383	215	168
PRL	1	0	1
GPX6	1	0	1
GPX5	0	0	0
MIR8797	0	0	0
GCG	0	0	0
ABCB11	1	0	1
GAD1	0	0	0
CHRNA1	8	3	5
MIR10B	4	2	2
MIR8796	0	0	0
PDE1A	53	24	29
ZC3H15	1536	788	748
TFPI	0	0	0
MSTN	0	0	0
AOX4	0	0	0
AOX2	0	0	0
CASP8	328	169	159
SUMO1	430	212	218
CD28	0	0	0
CTLA4	1	1	0
ICOS	0	0	0
CRYGD	0	0	0
CRYGC	0	0	0
CRYGB	0	0	0
CRYGA	0	0	0
PECR	131	66	65
CXCR2	0	0	0
AAMP	661	303	358
SLC11A1	162	87	75
MIR26B	0	0	0
MIR375	0	0	0
MIR1840	0	0	0
DES	7	1	6
SPEG	266	137	129
SLC4A3	464	245	219
MIR8795	0	0	0
CLN8	100	56	44
OPTC	96	46	50
REN	1	1	0
DSTYK	329	163	166
MIR135B	0	0	0
EIF2D	714	369	345
CDC73	458	216	242
MIR215	0	0	0
MIR194	0	0	0
MIR664	0	0	0
MIR8798	34	18	16
MGST3	480	248	232
FCER1G	0	0	0
SLAMF1	0	0	0
SLAMF9	72	31	41
FCER1A	0	0	0
CD1B	0	0	0
CD1C	0	0	0
CD1A6	0	0	0
TLR5	162	79	83
LGALS8	1546	776	770
MIR1841	70	37	33
MIR1296	0	0	0
TACR2	0	0	0
PRF1	0	0	0
MYOZ1	8	5	3
PLAU	998	487	511
AP3M1	1590	826	764
KCNMA1	0	0	0
RPS24	1564	781	783
MIR346	0	0	0
BMPR1A	1260	666	594
LMAN2	2611	1297	1314
MIR1271	0	0	0
HRH2	1	1	0
MSX2	31	16	15
NKX2-5	2	2	0
ATP6V0E1	1047	529	518
NPM1	4313	2195	2118
KCNMB1	16	8	8
MIR218-2	0	0	0
MIR103-1	0	0	0
MIR146A	0	0	0
MIR8902	0	0	0
ADRA1B	110	58	52
IL12B	0	0	0
MED7	234	132	102
HAVCR2	14	7	7
HAVCR1	10	6	4
ATOX1	789	414	375
GPX3	1	0	1
RPS14	6936	3293	3643
TCOF1	682	331	351
ARSI	3	2	1
PDGFRB	2477	1272	1205
PDE6A	4	2	2
MIR378	0	0	0
MIR145	1	0	1
MIR143	0	0	0
ADRB2	0	0	0
CCL28	0	0	0
SEPP1	129	57	72
GHR	481	238	243
RPL37	821	407	414
PTGER4	335	164	171
LIFR	708	354	354
SLC1A3	541	275	266
SLC45A2	18	8	10
MIR8903	34	19	15
ZNF622	213	114	99
B3GAT1	0	0	0
MIR8868	6	2	4
MIR99A-2	0	0	0
MIRLET7A-2	1	0	1
MIR125B-1	0	0	0
PVRL1	1127	568	559
THY1	9728	4863	4865
SLC37A4	499	247	252
CD3E	0	0	0
FXYD6	0	0	0
FXYD2	0	0	0
BACE1	2048	1034	1014
MIR8871	282	145	137
APOC3	0	0	0
HTR3A	0	0	0
DRD2	0	0	0
NCAM1	0	0	0
IL18	0	0	0
MIR34C	0	0	0
MIR34B	0	0	0
ATM	1037	534	503
CASP4	0	0	0
CASP12	1	1	0
MMP12	0	0	0
MMP3	20	12	8
MMP7	0	0	0
BIRC2	793	368	425
BIRC3	252	127	125
TEKT1	4	2	2
MIR8870	0	0	0
GP1BA	1	0	1
MIR195	0	0	0
MIR497	0	0	0
MIR324	17	8	9
SLC2A4	18	8	10
ZBTB4	1414	757	657
TNFSF12	168	84	84
TNFSF13	23	15	8
EIF4A1	3715	1910	1805
TP53	281	132	149
MIR8867	22	12	10
GUCY2D	0	0	0
RPL26	1671	839	832
RCVRN	0	0	0
MYH8	0	0	0
MYH4	0	0	0
MYH1	0	0	0
MYH2	0	0	0
MYH3	0	0	0
TVP23B	807	377	430
ADORA2B	182	104	78
ALDH3A1	0	0	0
MIR8872	16	5	11
SREBF1	3429	1698	1731
MIR33B	2	2	0
FLCN	748	399	349
KCNJ12	37	20	17
MIR8869	4	1	3
IL12RB2	33	16	17
LEPR	2775	1391	1384
LOC609115	1870	946	924
MIR101-1	0	0	0
JAK1	6966	3465	3501
FAM151A	61	29	32
DIO1	7	5	2
SLC1A7	3	0	3
MIR200B	0	0	0
MIR200A	0	0	0
MIR429	0	0	0
TNFRSF18	0	0	0
B3GALT6	204	97	107
TAS1R3	4	2	2
SSU72	643	321	322
GNB1	7298	3625	3673
MIR8866	0	0	0
TNFRSF14	423	202	221
MIR551A	0	0	0
NPHP4	796	421	375
SCAMPER	106	53	53
CA6	0	0	0
MIR34A	3	2	1
MC1R	15	7	8
GALNS	576	291	285
CYBA	2354	1121	1233
SLC7A5	2669	1319	1350
CFDP1	2775	1364	1411
LOC479649	5	2	3
CHST4	1	1	0
WWP2	1833	928	905
MIR140	1	1	0
NIP7	1047	547	500
CDH1	208	109	99
PLA2G15	473	223	250
SLC12A4	6164	3107	3057
MIR328	3	1	2
HSF4	271	141	130
CMTM1	0	0	0
CKLF	0	0	0
GUSB	2058	1023	1035
MIR2387	0	0	0
MIR590	1	1	0
CLDN3	0	0	0
CCL26	0	0	0
CCL24	0	0	0
POR	1229	625	604
HSPB1	4315	2117	2198
ZP3	1	0	1
SERPINE1	3114	1562	1552
EPO	0	0	0
MIR106B	1	0	1
MIR93	0	0	0
MIR25	6	4	2
AZGP1	0	0	0
CYP3A26	0	0	0
CYP3A12	2	1	1
EIF2AK1	925	468	457
RAC1	3353	1638	1715
ACTB	17469	9157	8312
MIR589	0	0	0
MIR8873A	0	0	0
MIR8876	62	32	30
MIR8879	1	0	1
MIR339-1	4	4	0
PDGFA	411	205	206
SLC5A2	518	247	271
ITGAD	0	0	0
CTF1	48	36	12
C6H16orf93	76	41	35
TMEM265	114	59	55
SEPHS2	1653	838	815
MVP	4024	1984	2040
SULT1A1	2364	1209	1155
CLN3	485	249	236
C6H16orf82	0	0	0
MIR8875	2	2	0
MIR8878	4	3	1
ZP2	2	2	0
UMOD	0	0	0
GP2	0	0	0
RPS15A	8574	4474	4100
XYLT1	82	48	34
ABCC1	1334	676	658
NDE1	377	178	199
MIR365-1	5	1	4
MIR193B	0	0	0
MIR8874	0	0	0
PRM2	0	0	0
TNP2	0	0	0
PAM16	449	244	205
DNASE1	15	9	6
TNFRSF12A	758	390	368
MIR1842	21	5	16
PKD1	4433	2235	2198
SLC9A3R2	799	359	440
SEPX1	131	69	62
LOC448801	0	0	0
LOC100049001	0	0	0
SSTR5	0	0	0
MIR8877	9	6	3
HAGHL	236	120	116
LOC100855540	0	0	0
LOC100855558	4	3	1
MIR8799F	0	0	0
PGB	0	0	0
MIR8799E-1	0	0	0
MIR8799E-2	0	0	0
KCNA2	0	0	0
MIR197	15	7	8
TAF13	87	48	39
VCAM1	11930	5944	5986
SLC35A3	307	160	147
AGL	2508	1229	1279
MIR137	0	0	0
F3	949	488	461
ABCA4	100	47	53
GFI1	2	1	1
SEP15	3902	2002	1900
UOX	0	0	0
LPHN2	0	0	0
PTGFR	45	25	20
ASB17	0	0	0
CRYZ	94	47	47
TNNI3K	2	0	2
FPGT	243	113	130
MIR186	3	0	3
PTGER3	4	2	2
RPE65	0	0	0
CHI3L1	0	0	0
ADORA1	20	7	13
CYB5R1	788	397	391
PKP1	0	0	0
TNNT2	6	3	3
MIR181A-1	0	0	0
MIR181B-1	0	0	0
ASPM	1263	645	618
IL10	0	0	0
PIGR	0	0	0
MIR29C-1	0	0	0
MIR29C-2	0	0	0
MIR29B-2	0	0	0
CD34	26	12	14
MIR205	0	0	0
HSD11B1	0	0	0
TRAF5	269	151	118
XPR1	532	247	285
GLUL	1891	957	934
CE9	0	0	0
RNASEL	853	445	408
LAMC2	9	5	4
NCF2	0	0	0
PDC	2	2	0
PTGS2	59	22	37
ANGPTL1	22	10	12
MIR488	0	0	0
MIR1843	0	0	0
FASLG	0	0	0
MIR199-2	12	4	8
MIR214	120	55	65
MYOC	0	0	0
FMO1	0	0	0
FMO3	215	100	115
SELE	36	14	22
SELP	3	1	2
DPT	982	516	466
TBX19	1	1	0
ADCY10	0	0	0
KMO	0	0	0
MIR350	0	0	0
MIR7180	0	0	0
MIR8881	7	5	2
PSEN2	271	131	140
TMEM63A	970	504	466
CD5L	0	0	0
BCAN	3	1	2
MIR9-1	0	0	0
RHBG	2	2	0
SSR2	3252	1604	1648
LMNA	10715	5380	5335
ARHGEF2	3452	1708	1744
PKLR	12	7	5
MIR92B	0	0	0
MUC1	146	80	66
KRTCAP2	1167	553	614
MIR190B	0	0	0
TPM3	1147	574	573
RPS27	2446	1296	1150
S100A4	5410	2662	2748
S100A8	6	5	1
ATP5A1	5989	3167	2822
PIK3C3	755	343	412
SLC39A6	1365	687	678
MIR187	0	0	0
DSG3	0	0	0
DSG1	0	0	0
CDH2	1239	610	629
CABYR	172	80	92
NPC1	3173	1565	1608
MIR1-2	0	0	0
MIR133A	0	0	0
SNRPD1	961	474	487
CLUL1	2	1	1
TYMS	2235	1086	1149
LOC403581	7183	3520	3663
MIR8865	5	2	3
SLC7A8	1	0	1
BCL2L2	219	111	108
PABPN1	970	468	502
MYH7	16	11	5
MIR208A	0	0	0
MIR208B	0	0	0
DHRS4	520	264	256
TGM1	30	18	12
CMA1	5	2	3
SRP54	2143	1098	1045
SSTR1	0	0	0
PNN	1859	930	929
RN7SL1	0	0	0
PYGL	517	260	257
PTGER2	37	20	17
BMP4	832	412	420
LGALS3	3209	1598	1611
MIR8883	68	32	36
HIF1A	4666	2376	2290
ZBTB1	1182	649	533
SPTB	17	10	7
GPX2	10	7	3
FUT8	1044	533	511
ARG2	858	431	427
COX16	50	26	24
SYNJ2BP	581	289	292
PSEN1	1407	757	650
NPC2	1524	788	736
ACYP1	37	19	18
NGB	0	0	0
DIO2	2	1	1
TSHR	0	0	0
MIR8884	1	1	0
GALC	266	143	123
TTC8	209	104	105
PSMC1	1427	728	699
SERPINA1	0	0	0
BDKRB2	87	36	51
BDKRB1	3	1	2
MIR342	0	0	0
MIR345	0	0	0
MIR493	0	0	0
MIR665	0	0	0
MIR433	0	0	0
MIR127	0	0	0
MIR432	0	0	0
MIR136	0	0	0
MIR370	0	0	0
MIR379	0	0	0
MIR411	0	0	0
MIR299	0	0	0
MIR380	0	0	0
MIR323	0	0	0
MIR758	0	0	0
MIR329B	0	0	0
MIR329A	0	0	0
MIR494	0	0	0
MIR543	0	0	0
MIR495	0	0	0
MIR3958	0	0	0
MIR376A-3	0	0	0
MIR376C	0	0	0
MIR376A-2	0	0	0
MIR376B	0	0	0
MIR376A-1	0	0	0
MIR300	0	0	0
MIR1185	0	0	0
MIR381	0	0	0
MIR487B	0	0	0
MIR539	0	0	0
MIR889	0	0	0
MIR544	0	0	0
MIR487A	0	0	0
MIR382	0	0	0
MIR134	0	0	0
MIR485	0	0	0
MIR496	0	0	0
MIR377	0	0	0
MIR409	0	0	0
MIR369	0	0	0
MIR410	0	0	0
DIO3	2	1	1
AMN	4	4	0
MIR8882	0	0	0
MIR203	0	0	0
HGS	1117	558	559
PDE6G	0	0	0
ACTG1	49247	24637	24610
MIR338	0	0	0
SGSH	639	324	315
TIMP2	1739	893	846
SOCS3	410	192	218
BIRC5	803	398	405
SYNGR2	1006	512	494
MIR6516	3	1	2
ST6GALNAC1	0	0	0
ST6GALNAC2	185	91	94
PRCD	0	0	0
CYGB	0	0	0
RHBDF2	185	110	75
AANAT	1	1	0
MIR8886	0	0	0
ZACN	3	1	2
SRP68	1583	783	800
UNK	906	439	467
GALK1	927	465	462
SUMO2	2335	1186	1149
HN1	458	238	220
SSTR2	11	1	10
SOX9	43	25	18
ITGB3	1228	647	581
MIR8885	69	41	28
MAPT	3	2	1
GH1	0	0	0
DDX5	13012	6522	6490
APOH	0	0	0
ARSG	19	8	11
KCNJ2	5	4	1
GJC1	385	187	198
ITGA2B	29	13	16
SLC4A1	0	0	0
BRCA1	1044	514	530
RPL27	3741	1861	1880
G6PC	2	1	1
CCDC56	325	167	158
TUBG1	643	330	313
HCRT	0	0	0
RAB5C	1168	579	589
JUP	4665	2394	2271
EIF1	6604	3445	3159
KRT14	2	2	0
KRT9	0	0	0
KRT19	0	0	0
KRT15	0	0	0
KRT12	1	0	1
KRT10	188	94	94
MIR8888	0	0	0
RARA	733	386	347
THRA	720	352	368
ERBB2	1407	720	687
PGAP3	127	77	50
TCAP	60	28	32
RPL23	1269	646	623
PSMB3	930	457	473
MIR152	0	0	0
MIR10A	0	0	0
MIR196A-1	0	0	0
GNGT2	0	0	0
PHB	909	419	490
COL1A1	336769	166864	169905
XYLT2	577	273	304
NME1	741	383	358
NME2	3037	1542	1495
MIR1844	0	0	0
MIR142	0	0	0
MIR454	3	1	2
MIR301A	0	0	0
MIR21	8	4	4
TUBD1	128	65	63
TBX4	0	0	0
TBX2	63	36	27
CCL4	0	0	0
CCL3	0	0	0
LOC480600	0	0	0
CCL5	19	11	8
CCL1	0	0	0
CCL13	0	0	0
CCL8	0	0	0
CCL7	6	3	3
CCL2	3630	1819	1811
SPACA3	0	0	0
MIR632	169	77	92
MIR365-2	22	8	14
MIR193A	0	0	0
LGALS9	2045	1059	986
NOS2	194	95	99
POLDIP2	2376	1215	1161
ALDOC	2021	1068	953
MIR451	0	0	0
MIR144	0	0	0
CRYBA1	1	0	1
MIR423A	0	0	0
SLC6A4	0	0	0
MIR22	1	0	1
SERPINF1	4980	2495	2485
MIR132	0	0	0
MIR212	0	0	0
COR1A3	0	0	0
GNG10	809	403	406
OR1E2	0	0	0
TRPV1	27	16	11
MIR8889	0	0	0
GRIN1	1	1	0
FUT7	0	0	0
PTGDS	23	13	10
MIR126	0	0	0
LHX3	0	0	0
LCN1	0	0	0
ABO	24	15	9
RPL7A	12190	6067	6123
ADAMTS13	43	18	25
DBH	0	0	0
GBGT1	1372	692	680
PTGES	113	57	56
MIR8887	61	28	33
MIR219-2	0	0	0
DNM1	13	5	8
MIR199-3	0	0	0
PTGES2	205	109	96
AK1	626	332	294
RPL12	7750	3992	3758
SLC2A8	592	314	278
MIR181B-2	2	0	2
MIR181A-2	2	1	1
PSMB7	1997	1027	970
PTGS1	0	0	0
GGTA1	4530	2291	2239
SHOX	0	0	0
ARSE	374	174	200
ARSH	9	5	4
OBP	0	0	0
TLR7	0	0	0
RAB9A	998	490	508
ACE2	2	1	1
ARX	2	0	2
LOC491788	0	0	0
MAGEB10	0	0	0
DMD	542	264	278
TMEM47	1150	583	567
CYBB	6	3	3
DYNLT3	567	268	299
RPGR	186	85	101
MAOA	0	0	0
MAOB	0	0	0
KDM6A	1267	629	638
MIR221	0	0	0
MIR222	0	0	0
USP11	2981	1534	1447
TIMP1	3752	1814	1938
SLC35A2	480	260	220
FOXP3	3	1	2
MIR532	0	0	0
MIR188	0	0	0
MIR500	0	0	0
MIR362	0	0	0
MIR660	0	0	0
MIR502	0	0	0
CCNB3	210	110	100
MIR8791B	0	0	0
KDM5C	3930	2025	1905
MIR98	0	0	0
MIR8834B	0	0	0
MIR1468	0	0	0
MIR223	0	0	0
EDA	5	1	4
MIR676	0	0	0
IL2RG	1	0	1
CXCR3	0	0	0
RPS4X	10277	4985	5292
MIR421	19	13	6
MIR374B	30	17	13
MIR545	0	0	0
MIR374A	0	0	0
MIR384	0	0	0
MIR325	0	0	0
MIR361	0	0	0
MIRLET7J	0	0	0
TIMM8A	111	49	62
BEX4	88	42	46
MIR8904A	0	0	0
PLP1	0	0	0
CLDN2	5	2	3
COL4A5	31	18	13
MIR652	0	0	0
MIR764	0	0	0
HTR2C	0	0	0
MIR448	0	0	0
IL13RA2	0	0	0
PGRMC1	2590	1264	1326
LOC403555	155	91	64
MIR8904B	0	0	0
XIAP	294	160	134
MIR2483	0	0	0
SLC25A14	126	51	75
MIR363	0	0	0
MIR92A-2	0	0	0
MIR19B-2	0	0	0
MIR20B	0	0	0
MIR18B	0	0	0
MIR106A	0	0	0
HPRT1	874	449	425
MIR450B	0	0	0
MIR450A	0	0	0
MIR542	0	0	0
MIR503	0	0	0
MIR424	0	0	0
HTATSF1	1217	600	617
CD40LG	1	1	0
MIR504	0	0	0
F9	0	0	0
MIR505	0	0	0
MIR8908C	0	0	0
MIR8908E	0	0	0
MIR8908B	0	0	0
MIR8908D-2	0	0	0
MIR8908A-4	0	0	0
MIR8908A-1	0	0	0
MIR8908D-3	0	0	0
MIR8908A-2	0	0	0
MIR8908D-1	0	0	0
MIR8908A-3	0	0	0
MIR8908F	0	0	0
MIR506	0	0	0
MIR507A	0	0	0
MIR508A	0	0	0
MIR508B	0	0	0
MIR507B	0	0	0
MIR514	0	0	0
IDS	1274	631	643
MIR2114	0	0	0
VMA21	94	35	59
MIR224	0	0	0
MIR452	0	0	0
MIR105A	0	0	0
MIR105B	0	0	0
BGN	11165	5596	5569
SSR4	1264	658	606
AVPR2	1	1	0
MIR718	0	0	0
OPN1LW	0	0	0
GDI1	2409	1214	1195
MPP1	650	297	353
F8	0	0	0
FUNDC2	288	146	142
CLIC2	396	213	183
