N_unmapped	1184355	1184355	1184355
N_multimapping	820680	820680	820680
N_noFeature	18365602	19555099	19561997
N_ambiguous	11156	2647	2665
CYB5A	428	236	192
BCL2	130	69	61
PPIAP1	9	5	4
CDH20	0	0	0
MC4R	0	0	0
PMAIP1	99	49	50
SEC11C	422	3004	3233
MIR122	0	0	0
TCF4	915	406	509
VNN1	5	1	4
TBPL1	77	39	38
UTRN	16335	8224	8111
PPIL4	585	283	302
LATS1	608	292	316
ESR1	0	0	0
MIR8873B	0	0	0
NOX3	0	0	0
EZR	5485	2782	2703
MIR1836	7	4	3
MAS1	0	0	0
IGF2R	9480	4641	4839
SLC22A2	0	0	0
PLG	0	0	0
QKI	1570	813	757
T	0	0	0
SMOC2	67	24	43
THBS2	342	182	160
PLN	6	1	5
GJA1	2225	1118	1107
TRDN	0	0	0
ARHGAP18	542	255	287
MIR24-1	5	2	3
MIR27B	1	0	1
MIR23B	3	3	0
DAPK1	430	223	207
HNRNPK	11269	5607	5662
MIR7-1	4	1	3
GNAQ	674	380	294
ANXA1	13743	6812	6931
ALDH1A1	0	0	0
MIR204	0	0	0
TJP2	3490	1762	1728
FXN	81	39	42
VLDLR	2112	1068	1044
SLC1A1	91	48	43
MIR101-2	0	0	0
RLN1	1	0	1
CD274	49	25	24
MIRLET7D	3	1	2
MIRLET7F	0	0	0
MIR8893	0	0	0
UBE2S	704	372	332
TNNI3	25	13	12
NCR1	0	0	0
PRPF31	774	393	381
MIR371	0	0	0
ZNF331	337	167	170
VN1R4	0	0	0
MIR8891	2	0	2
MIR125A	0	0	0
MIRLET7E	0	0	0
MIR99B	0	0	0
KLK14	3	2	1
KLK10	0	0	0
KLK9	0	0	0
KLK8	0	0	0
KLK7	0	0	0
KLK6	0	0	0
KLK5	0	0	0
KLK4	0	0	0
KLK2	0	0	0
KLK1	0	0	0
MIR150	0	0	0
FLT3LG	81	43	38
MIR8890	5	3	2
NTF4	25	13	12
LHB	2	1	1
FTL	5855	3252	2603
BAX	151	83	68
DHDH	45	29	16
HSD17B14	180	85	95
RPL18	4471	2198	2273
ELSPBP1	0	0	0
CRX	0	0	0
SEPW1	1720	877	843
C5AR1	0	0	0
ARHGAP35	2799	1392	1407
SLC1A5	2794	1428	1366
MIR769	4	3	1
SNRPD2	1144	589	555
MIR330	0	0	0
VASP	1653	860	793
FOSB	156	77	79
APOC2	0	0	0
APOC1	2	0	2
CEACAM16	0	0	0
LOC476445	52	24	28
XRCC1	1144	619	525
CEACAM23	2	1	1
CEACAM24	0	0	0
CAECAM1	9	4	5
CEACAM28	34	11	23
CEACAM30	0	0	0
CEACAM1	42	21	21
GRIK5	2	1	1
RABAC1	2469	1259	1210
TGFB1	565	306	259
CYP2B6	0	0	0
CYP2A7	0	0	0
CYP2A13	0	0	0
RAB4B	287	146	141
MIR8892	10	3	7
AKT2	743	376	367
LGALS4	5	0	5
SPINT2	871	419	452
TYROBP	1	0	1
PSENEN	539	252	287
ATP4A	0	0	0
KRTDAP	0	0	0
HAMP	0	0	0
FXYD1	612	308	304
SCN1B	31	14	17
RHPN2	148	69	79
SLC7A9	0	0	0
MIR578	0	0	0
PMEL	61	32	29
MIP	0	0	0
NACA	3030	1545	1485
TAC3	0	0	0
MIR26A-2	1	1	0
AVPR1A	0	0	0
IFNG	0	0	0
MDM2	1540	742	798
LYZ	0	0	0
TPH2	0	0	0
ARSA	2045	1021	1024
SELO	488	257	231
PPARA	42	23	19
MIRLET7B	0	0	0
MIRLET7A-1	3	1	2
MIR1249	36	17	19
ARHGAP8	0	0	0
PRR5	6	5	1
CYB5R3	1805	890	915
MIR8829	5	3	2
CYP2D15	0	0	0
MIR33A	2	2	0
ST13	1878	909	969
MCHR1	0	0	0
RPL3	8469	4162	4307
PDGFB	32	17	15
EIF3L	509	284	225
LGALS1	7419	3606	3813
LGALS2	101	51	50
MIR8828	0	0	0
MIR1835	0	0	0
SSTR3	0	0	0
IL2RB	0	0	0
MIR8827	0	0	0
MYH9	31111	15503	15608
HMOX1	266	137	129
TIMP3	1237	666	571
TXNRD1	3883	1900	1983
MIR8799C	0	0	0
MIR8826	0	0	0
RFX8	6	2	4
UBE2N	133	75	58
RPL31	597	299	298
CNGA3	1	0	1
COX5B	891	456	435
THADA	568	276	292
SLC3A1	141	75	66
STON1	288	135	153
GTF2A1L	0	0	0
ASB3	758	366	392
RPS27A	6712	3398	3314
MIR217	0	0	0
MIR216A	0	0	0
MIR216B	0	0	0
COMMD1	1021	516	505
RAB1A	1862	890	972
PLEK	0	0	0
ANXA4	1937	986	951
SNRPG	152	78	74
MIR340	0	0	0
CANX	22522	11427	11095
PROP1	0	0	0
TICAM2	81	42	39
TMED7	2181	1079	1102
MIR8830-2	0	0	0
MIR8830-1	0	0	0
MIR8830-3	0	0	0
IL3	0	0	0
CSF2	0	0	0
IL5	14	11	3
IL13	3	2	1
IL4	0	0	0
GDF9	52	32	20
HSPA4	2891	1532	1359
SKP1	2354	1201	1153
PPP2CA	1674	834	840
MIR874	0	0	0
BTF3	2387	1185	1202
SLBP2	2	0	2
ETF1	295	157	138
MATR3	7889	3960	3929
MLANA	0	0	0
IL33	12	8	4
TYRP1	0	0	0
FTH1	5393	2765	2628
RPS6	8348	4276	4072
MIR491	0	0	0
IFNB1	0	0	0
IFNA5	0	0	0
IFNA8	0	0	0
IFNA6	0	0	0
IFNA7	0	0	0
MIR31	0	0	0
CDKN2B	134	74	60
MIR8831	0	0	0
MIR872	0	0	0
IFNK	1	0	1
MIR876	0	0	0
NDUFB6	306	156	150
APTX	197	117	80
DNAJA1	644	300	344
MIR207	0	0	0
CNTFR	13	8	5
CCL27	8	3	5
CCL19	0	0	0
CCL21	0	0	0
ARHGEF39	438	229	209
CA9	128	57	71
RECK	1105	557	548
SEC61B	767	364	403
INVS	1001	513	488
OR13F1	0	0	0
COR13C13	0	0	0
MIR32	3	3	0
AKAP2	411	206	205
DNAJC25	503	213	290
UGCG	664	345	319
HSDL2	794	364	430
SLC46A2	18	9	9
LOC481674	1	0	1
MIR455	0	0	0
TNC	4	3	1
TLR4	4	2	2
STOM	2004	1036	968
RPP21	243	119	124
DLA88	970	488	511
DLA-12	214	107	115
DLA-64	130	68	68
DDX39B	3215	1599	1616
ATP6V1G2	0	0	0
NFKBIL1	240	119	121
TNF	0	0	0
LTB	4	2	2
LY6G5C	9	3	6
CLIC1	3625	1822	1803
HSP70	100	57	43
CYP21A2	74	44	30
AGER	50	26	24
DLA-DRA	1	1	0
HLA-DRB1	5	3	2
DLA-DQA1	2	1	1
DLA-DQB1	0	0	0
DLA-DOB	5	2	3
TAP2	2362	1188	1174
PSMB8	3	3	0
TAP1	2138	1078	1071
PSMB9	222	122	111
DLA-DMB	8	7	4
DLA-DMA	44	22	22
BRD2	5956	2922	3037
SLC39A7	5872	2897	2975
MIR219-1	6	2	4
RING1	957	506	451
VPS52	936	464	472
RPS18	5911	2981	2930
B3GALT4	156	80	76
PFDN6	328	177	151
TAPBP	8045	3998	4047
LOC481744	533	271	262
MIR8832	0	0	0
HMGA1	1217	601	617
NUDT3	667	344	323
RPS10	2221	1101	1120
FKBP1A	787	390	398
PPARD	913	427	486
RPL10A	4012	1989	2023
CLPS	0	0	0
MAPK14	867	441	426
PNPLA1	0	0	0
PIM1	310	149	161
TREM1	0	0	0
PRPH2	2	1	1
VEGFA	3464	1805	1659
SLC29A1	3500	1772	1728
SLC35B2	807	414	393
SLC25A27	168	84	84
PLA2G7	2389	1160	1229
RHAG	4	2	2
DEFB112	0	0	0
TFAP2B	27	17	10
MIR206	0	0	0
IL17A	0	0	0
GSTA4	774	370	404
FBXO9	894	465	429
HCRTR2	0	0	0
LGSN	0	0	0
SMAP1	458	219	239
B3GAT2	27	15	12
MIR30C-2	0	0	0
MIR30A	0	0	0
OOEP	0	0	0
EEF1A1	29746	15070	14676
MIR8835	802	409	393
HTR1B	296	141	155
MIR8834A-2	0	0	0
MIR8834A-1	0	0	0
SNAP91	14	3	11
CGA	1	0	1
SLC35A1	209	96	113
MIR8833	0	0	0
FUT9	0	0	0
MCHR2	0	0	0
FIG4	623	314	309
MIR599	1	1	0
MIR875	0	0	0
AZIN1	4565	2317	2248
FZD6	3668	1840	1828
ZFPM2	144	84	60
ANGPT1	583	300	283
MIR8836	0	0	0
EBAG9	576	270	306
ANXA13	20	11	9
MYC	539	261	278
TG	0	0	0
NDRG1	1349	668	681
MIR30B	0	0	0
MIR30D	0	0	0
MIR151	0	0	0
FAM83H	500	255	245
ZNF252	504	267	237
MIR8880	0	0	0
CNGA1	4	1	3
KIT	8	6	2
KDR	27	14	13
SRP72	4468	2255	2213
GNRHR	0	0	0
UGT2B31	0	0	0
SULT1B1	0	0	0
CSN2	0	0	0
ODAM	0	0	0
ALB	2	1	1
AFP	3	3	0
CXCL8	993	516	477
PPBP	1	0	1
ARF1	987	469	518
COR2T18	0	0	0
AKR1B1	109	45	64
SLC35B4	382	179	203
PODXL	98	37	61
MIR29B-1	0	0	0
MIR29A	4	1	3
MIR335	0	0	0
MIR183	0	0	0
MIR96	0	0	0
MIR182	0	0	0
LEP	0	0	0
MIR129-1	0	0	0
MIR592	0	0	0
ABCB1	422	233	189
CALCR	0	0	0
MIR653	0	0	0
MIR489	0	0	0
GNGT1	0	0	0
COL1A2	265596	133011	132585
PEG10	1975	1003	972
PON2	2923	1504	1419
MIR8841-1	0	0	0
MIR8841-2	0	0	0
CAFA-T2R2	0	0	0
CRSP-4	0	0	0
IL6	9	7	2
MYEOV2	327	185	142
CYCS	838	424	414
NPVF	0	0	0
MIR148A	0	0	0
MIR196B	2	0	2
HOXA10	184	92	92
PLEKHA8	576	319	257
AQP1	2	1	1
TES	1995	965	1030
CAV2	1938	931	1007
CAV1	2541	1240	1301
MET	5320	2674	2646
CAPZA2	2143	1099	1044
CFTR	0	0	0
SLC2A1	989	487	502
GUCA2A	0	0	0
MIR8839	0	0	0
EDN2	69	30	39
MIR30C-1	0	0	0
MIR30E	0	0	0
COL9A2	603	317	286
PPT1	1713	833	880
MYCBP	127	58	69
RSPO1	0	0	0
C15H16orf87	117	54	63
MIR761	7	5	2
CYP4X1	0	0	0
CYP4A37	0	0	0
CYP4A38	0	0	0
CYP4A11	0	0	0
AKR1A1	619	320	299
PRDX1	5025	2576	2449
COR11G5	0	0	0
COR11G9	0	0	0
RPPH1	12	7	5
APEX1	1672	797	875
MIR8838	0	0	0
KITLG	76	46	30
ATP2B1	2838	1446	1392
DCN	10904	5495	5409
MIR8840	0	0	0
MIR331	0	0	0
MIR135A-2	0	0	0
MIR8837	0	0	0
PMCH	38	21	17
HSP90B1	31350	15705	15645
GYPA	0	0	0
EDNRA	45	23	22
TLR2	809	413	396
SFRP2	858	410	448
GUCY1A3	40	21	19
GUCY1B3	19	7	12
ETFDH	1614	837	777
NPY1R	20	12	8
NPY5R	6	2	4
MIR8862	0	0	0
MIR8852	1	1	0
MIR8853	0	0	0
MIR8793-3	0	0	0
MIR8793-2	0	0	0
MIR8793-1	0	0	0
cOR13M4	0	0	0
TAS2R41	0	0	0
CLCN1	27	16	11
CASP2	1134	547	587
TAS2R40	39	25	14
TAS2R39	0	0	0
TAS2R38	0	0	0
TAS2R5	0	0	0
TAS2R3	2	1	1
SSBP1	174	88	86
HIPK2	527	275	252
LUC7L2	1617	820	797
C16H7orf55	65	34	31
MIR8794-2	0	0	0
MIR8794-1	0	0	0
MIR8907	1	1	0
MIR490	0	0	0
MTPN	966	491	475
MIR8847	0	0	0
MIR8906	4	2	2
MIR8849	0	0	0
MIR8863	0	0	0
SSPO	19	12	7
KCNH2	2	0	2
NOS3	0	0	0
FASTK	758	387	371
MIR671	114	62	52
MIR8855	0	0	0
MIR8850	0	0	0
MIR8851	0	0	0
MIR153	0	0	0
VDAC3	774	422	352
AP3M2	151	78	73
MIR486	0	0	0
MIR8854	62	28	34
MIR8799D	0	0	0
ADAM9	6936	3470	3466
STAR	0	0	0
ADRB3	0	0	0
FUT10	185	87	98
MBOAT4	0	0	0
LEPROTL1	686	377	309
MIR8856	8	3	5
MIR8848	15	8	7
DLC1	2516	1284	1232
MIR383	0	0	0
F11	0	0	0
KLKB1	19	9	10
CASP3	580	294	286
RWDD4	173	82	91
SPCS3	791	390	401
MCPH1	476	245	231
ANGPT2	0	0	0
DEFB1	0	0	0
DEFB4A	0	0	0
CBD103	1	0	1
SPAG11E	0	0	0
SPAG11B	0	0	0
DEFB105A	0	0	0
TPO	0	0	0
RNASEH1	295	136	159
ADAM17	1961	1004	957
MIR8846	0	0	0
TRIB2	391	197	194
MIR8845	0	0	0
RHOB	760	405	355
MIR1301	0	0	0
RAB10	1575	775	800
EPT1	330	171	159
KHK	30	10	20
GCKR	15	8	7
MIR1837-1	0	0	0
MIR1837-2	0	0	0
MIR1837-3	0	0	0
MRPL33	256	144	112
PPP1CB	2410	1202	1208
C17H2orf71	0	0	0
SRD5A2	1	1	0
EIF2AK2	733	368	365
CYP1B1	950	501	449
SLC8A1	112	50	62
MAL	0	0	0
NPHP1	159	87	72
TPC3	408	223	185
IL1A	9	4	5
IL1B	9	5	4
IL1RN	0	0	0
PAX8	0	0	0
FOXI3	0	0	0
FABP1	0	0	0
CD8A	0	0	0
MIR8843	0	0	0
MAT2A	2119	1040	1079
LOC100687463	0	0	0
REG3A	0	0	0
TACR1	0	0	0
HTRA2	455	226	229
MIR8842	24	14	10
CDK2AP1	1318	681	637
NRAS	1629	828	801
TSHB	0	0	0
NGF	138	70	68
ATP1A1	9167	4585	4582
HSD3B2	0	0	0
GJA5	0	0	0
FCGR1A	0	0	0
MCL1	1655	831	824
CTSS	59	22	37
CTSK	1642	838	804
CDC42SE1	714	340	374
PIP5K1A	2651	1386	1265
PSMD4	1299	627	672
CGN	80	39	41
RIIAD1	50	19	31
OAZ3	0	0	0
SMCP	0	0	0
MIR8844	0	0	0
ADORA3	0	0	0
SEC61G	737	375	362
DLD	1499	776	723
CD36	5	1	4
HGF	62	31	31
HRAS	187	98	89
MIR210	0	0	0
LOC610760	809	429	380
MIR129-2	0	0	0
SLC1A2	0	0	0
CD44	4329	2345	1984
MIR1343	0	0	0
CAT	1762	900	862
C18H11orf31	346	183	163
ZDHHC5	2727	1390	1337
MIR130A	0	0	0
COR12E4	0	0	0
CFOLF1	0	0	0
COR5L1	0	0	0
DLA-79	3	1	2
OR4S2	1	0	1
MYBPC3	0	0	0
ARHGAP1	1527	736	791
SLC35C1	288	138	150
MIR8861	0	0	0
CTSD	747	388	359
H19	287	157	130
IGF2	0	0	0
MIR483	0	0	0
INS	0	0	0
TH	0	0	0
MIR8859A	0	0	0
MIR8859B	6	4	2
MIR8860	0	0	0
CCND1	127	50	77
CPT1A	4309	2182	2127
NDUFS8	545	268	277
GSTP1	679	341	338
PPP1CA	2497	1250	1247
CCS	374	202	172
MIR8858	154	63	91
MIR192	0	0	0
MEN1	471	225	246
SLC22A12	0	0	0
ESRRA	268	134	134
BAD	240	105	135
OTUB1	407	200	207
COX8A	609	306	303
RTN3	5019	2454	2565
LGALS12	0	0	0
BEST1	3	3	0
PGA	1	1	0
GPR44	0	0	0
IL15	0	0	0
UCP1	52	27	25
SLC7A11	422	220	202
MIR8857	0	0	0
IL21	0	0	0
IL2	0	0	0
LOC476104	0	0	0
GYPC	82	50	32
CNTNAP5	0	0	0
TMEM185B	363	177	186
EPB41L5	272	150	122
DBI	925	457	468
MIR128-1	0	0	0
CXCR4	11	4	7
CREM	110	50	60
MIR8864-4	0	0	0
MIR8864-1	0	0	0
MIR8864-3	0	0	0
GAD2	2	2	0
BMI1	1115	579	536
COMMD3	857	425	432
MIR8895	0	0	0
PTPLA	33	17	16
ST8SIA6	0	0	0
VIM	54379	27259	27120
CUBN	175	91	84
SEPHS1	4118	1996	2122
LOC478000	1519	771	748
LOC478001	1	1	0
IL2RA	1	0	1
GDI2	3867	2012	1855
AKR1C3	0	0	0
SLC23A1	3	0	3
PFDN1	323	168	155
ANKHD1	1744	865	879
EIF4EBP3	121	51	70
NR3C1	1324	684	640
SPINK5	20	14	6
GPX8	2747	1386	1361
MIR449A	0	0	0
MIR449B	0	0	0
IL6ST	10527	5283	5244
MIR582	0	0	0
HTR1A	0	0	0
ATP1B1	647	330	317
AK6	78	42	36
TAF9	351	181	170
OCLN	120	63	57
SMN	594	302	292
MIR8813-2	0	0	0
GOT2	669	316	353
CNGB1	0	0	0
CCL17	25	9	16
CX3CL1	1234	641	593
MIR138B	0	0	0
MT1E	235	130	105
MT2A	559	286	273
MT4	0	0	0
CES5A	0	0	0
CES1	0	0	0
SLC6A2	0	0	0
NOD2	120	65	55
AZIN2	126	58	68
EPB41	614	318	296
TAF12	50	29	21
RCC1	608	303	305
SNHG3	63	26	37
PTAFR	0	0	0
SLC9A1	919	474	445
HMGN2	3730	1878	1852
CD52	0	0	0
SEPN1	2282	1165	1117
TMEM57	823	409	414
RHCE	1	0	1
CNR2	0	0	0
FUCA1	5712	2863	2849
RPL11	5053	2508	2545
ID3	362	180	182
MIR8897	18	7	11
HTR1D	20	12	8
CDC42	750	390	360
ALPL	274	139	135
DDOST	7770	3755	4015
TAS1R2	0	0	0
PADI6	0	0	0
SDHB	281	146	135
CASP9	437	188	249
PDPN	0	0	0
MIR8896	5	2	3
MIIP	229	109	120
MFN2	1111	581	530
PLOD1	7973	4009	3964
MIR8894	4	2	2
APITD1	100	49	51
TXNRD3	324	168	156
SEC61A1	12063	5843	6220
RAB7A	2759	1411	1348
CNBP	3520	1722	1798
ISY1	603	309	294
SLC6A6	3194	1607	1587
PPIAP4	150	79	71
RHO	0	0	0
RPL32	4370	2192	2178
PPARG	47	23	24
TAMM41	135	81	54
MIR885	0	0	0
GHRL	0	0	0
VHL	301	154	147
THUMPD3	191	94	97
OXTR	0	0	0
CAV3	0	0	0
SETMAR	49	29	20
MITF	139	73	66
EOGT	563	285	278
FHIT	4	1	3
CCDC66	613	340	273
WNT5A	41	13	28
SELK	208	110	98
PRKCD	764	399	365
MIR135A-1	0	0	0
MIRLET7G	0	0	0
TLR9	16	11	5
MIR8800	75	34	41
MIR8799A	0	0	0
GNAI2	4096	2053	2043
GNAT1	3	1	2
DAG1	10441	5198	5243
NICN1	441	206	235
AMT	564	280	284
RHOA	4590	2248	2342
GPX1	7788	3917	3871
MIR191	0	0	0
MIR425	0	0	0
COL7A1	177	88	89
CAMP	0	0	0
CDC25A	129	70	59
PTH1R	124	63	61
LTF	0	0	0
CCR5	0	0	0
CCR3	0	0	0
CCR1	0	0	0
CCR9	0	0	0
MIR8801	0	0	0
MEF2B	19	10	9
MIR8803	0	0	0
UBA52	1107	536	571
LSM4	149	65	84
INSL3	0	0	0
FAM32A	280	127	153
RAB8A	633	302	331
AKAP8	841	413	428
SLC1A6	0	0	0
CFOLF4	0	0	0
ADGRE2	12	2	10
EMR3	78	44	34
CD97	1478	718	760
PRKACA	653	368	285
MIR1199	3	1	2
MIR181D	0	0	0
MIR181C	1	0	1
MIR23A	0	0	0
MIR27A	0	0	0
MIR24-2	0	0	0
RTBDN	0	0	0
ACP5	16	8	8
EPOR	1	0	1
MIR199-1	3	2	1
ICAM1	9777	4862	4915
P2RY11	35	22	13
PPAN	400	194	206
STXBP2	1282	632	650
CD209	0	0	0
CTXN1	34	16	18
CCL25	1	1	0
ADAMTS10	797	397	400
EMR4	0	0	0
EMR1	0	0	0
TNFSF14	0	0	0
CAPS	50	18	32
FUT5	0	0	0
MIR7-3	0	0	0
MIR8804	8	6	2
MAP2K2	779	380	399
MIR8802	0	0	0
TJP3	43	20	23
NCLN	1226	637	589
LSM7	122	59	63
OAZ1	4028	2031	1997
MIR8805	1	0	1
ELANE	0	0	0
MADCAM1	1	0	1
PGR	16	9	7
GPR83	39	21	18
MIR8812	0	0	0
FOLH1	2268	1115	1153
TYR	0	0	0
CTSC	124	60	64
MIR708	0	0	0
MIR1838	0	0	0
CLNS1A	266	144	122
SERPINH1	20691	10463	10228
MIR326	0	0	0
SPCS2	1206	625	581
UCP3	8	3	5
UCP2	1209	560	649
MIR139	0	0	0
LRTOMT	163	93	70
IL18BP	299	160	139
cOR51P3	0	0	0
COR52J8	0	0	0
LOC480784	0	0	0
LOC609402	0	0	0
TRIM6	0	0	0
TRIM34	134	77	57
cOR52P3	0	0	0
cOR56B2	0	0	0
cOR52N9	0	0	0
COR56A6	0	0	0
CCKBR	1	0	1
TPP1	952	442	510
OR2D3	0	0	0
cOR10A3	0	0	0
RPL27A	1126	535	591
ADM	125	60	65
MIR8810	11	5	6
RNF141	281	139	142
ZBED5	1297	640	657
DKK3	3477	1673	1804
PTH	1	0	1
CALCB	0	0	0
CRSP-3	0	0	0
CRSP-2	0	0	0
CALCA	0	0	0
KCNC1	0	0	0
TPH1	0	0	0
SAA1	14	6	8
LDHC	0	0	0
ANO5	644	316	328
SLC17A6	0	0	0
SVIP	1	0	1
CCDC179	0	0	0
BDNF	11	5	6
MIR8811	24	15	9
GIF	0	0	0
MS4A2	0	0	0
MS4A1	0	0	0
MIR8813-1	0	0	0
ATP7B	541	296	245
MIR15A	0	0	0
MIR16-1	0	0	0
MLNR	5	3	2
HTR2A	0	0	0
MIR8814	0	0	0
MIR759	0	0	0
CLN5	1997	995	1002
EDNRB	1	1	0
MIR17	0	0	0
MIR18A	0	0	0
MIR19A	0	0	0
MIR20A	0	0	0
MIR19B-1	0	0	0
MIR92A-1	0	0	0
DCT	0	0	0
ABCC4	3714	1853	1861
DZIP1	3407	1732	1675
SLC15A1	2	1	1
BIVM	543	279	264
SLC10A2	0	0	0
EFNB2	92	50	42
TNFSF13B	12	4	8
F7	0	0	0
LOC403829	269	137	132
ATP4B	0	0	0
MIR8807	0	0	0
MIR138A	0	0	0
GLB1	2604	1320	1284
CCR4	0	0	0
MIR128-2	0	0	0
MIR26A-1	0	0	0
SCN5A	0	0	0
SCN10A	0	0	0
CX3CR1	0	0	0
RPSA	3651	1735	1916
RPL14	1811	904	907
CTNNB1	10039	5118	4921
GTDC2	320	166	154
MIR8806	0	0	0
RAB5A	750	358	392
SLCO2A1	2	0	2
CPB1	0	0	0
SELT	2651	1291	1360
P2RY12	0	0	0
P2RY1	25	16	9
MME	642	343	299
MIR8808	0	0	0
THBD	404	204	200
RRBP1	14162	7069	7093
SNRPB2	406	210	196
SLC23A2	450	223	227
PRNP	483	243	240
MIR103-2	0	0	0
MAVS	795	405	390
AVP	0	0	0
DEFB132	0	0	0
DEFB129	0	0	0
DEFB128	0	0	0
DEFB127	0	0	0
DEFB122	0	0	0
DEFB126	0	0	0
DEFB116	0	0	0
CBD118	0	0	0
DEFB119	0	0	0
DEFB3L	0	0	0
DEFB124	0	0	0
BCL2L1	515	251	264
POFUT1	860	430	430
MAPRE1	330	177	153
RALY	2431	1233	1198
ASIP	0	0	0
DYNLRB1	1119	562	557
MIR499	0	0	0
CPNE1	2941	1472	1469
RBM12	1556	822	734
MYL9	3735	1908	1827
GHRH	0	0	0
PI3	26	10	16
SLPI	0	0	0
WFDC2	1	0	1
CE10	0	0	0
CTSA	1680	854	826
MMP9	1	0	1
CD40	77	40	37
AR	324	162	162
SULF2	2705	1390	1315
IL29L	0	0	0
UBE2V1	1600	786	814
MC3R	0	0	0
BMP7	173	85	88
PCK1	0	0	0
RAB22A	423	212	211
GNAS	17601	8913	8688
EDN3	0	0	0
MIR1-1	0	0	0
MIR133C	0	0	0
COL9A3	12	6	6
MIR124-2	0	0	0
MIR124-3	0	0	0
MIR8809	130	68	62
BRCA2	838	396	442
RXFP2	0	0	0
HMGB1	8375	4211	4164
MIR8825	17	11	6
SLC7A1	1742	926	816
FLT3	796	397	399
PDX1	0	0	0
RPL21	2051	1096	955
SGCG	0	0	0
SAP18	604	317	287
GJB2	185	96	89
MPHOSPH8	646	314	332
PARP4	1937	970	967
MIR8824	60	29	31
MIR8864-2	0	0	0
CLCN3	1846	888	958
HPGD	6	5	1
GATA4	117	56	61
MIR8820	0	0	0
MIR124-1	0	0	0
MIR8821	21	9	12
CLU	37330	18371	18959
ADRA1A	0	0	0
MIR320	0	0	0
COL4A4	3	1	2
CCL20	1	1	0
HTR2B	21	11	10
PTMA	17210	8619	8591
PDE6D	508	247	261
EIF4E2	277	160	117
SAG	0	0	0
UGT1A6	0	0	0
MIR8823	0	0	0
TRPM8	13	5	8
ACKR3	0	0	0
COL6A3	943	492	451
MLPH	2	1	1
MIR8822	72	30	42
cOR9S7P	0	0	0
COR9S5	0	0	0
MIR149	0	0	0
KIF1A	877	412	465
STK25	680	351	329
RAN	2212	1166	1046
TMEM132C	0	0	0
HCAR1	0	0	0
DIABLO	929	439	490
IL31	0	0	0
P2RX7	31	16	15
ATP2A2	5650	2847	2803
VPS29	717	376	341
PPP1CC	1461	737	724
MYL2	0	0	0
OAS1	1578	785	793
OAS3	1379	692	687
OAS2	862	441	421
NOS1	0	0	0
PEBP1	1742	930	812
MIR8819	444	233	211
HSPB8	1072	515	557
RPLP0	4513	2278	2235
PLA2G1B	0	0	0
OASL	730	378	352
TRPV4	293	149	144
SELPLG	5	3	2
CRYBB2	0	0	0
TFIP11	1081	580	501
CRYBA4	5	0	5
EWSR1	1764	868	896
NEFH	0	0	0
LIF	95	44	51
GAL3ST1	0	0	0
SELM	596	282	314
SLC5A1	0	0	0
SPECC1L	1597	792	805
ADORA2A	377	206	171
MMP11	531	264	267
MIR8905	0	0	0
ZDHHC8	521	280	241
MIR1306	51	23	28
MIR185	0	0	0
COMT	1747	827	920
MIR301B	0	0	0
MIR130B	0	0	0
MAPK1	2975	1487	1488
PTEN	2047	1029	1018
LIPF	0	0	0
COR6C13	0	0	0
COR6C47	0	0	0
cOR9K3	0	0	0
MIR148B	0	0	0
MIR615	0	0	0
MIR196A-2	0	0	0
HOTAIR	0	0	0
PFDN5	1041	546	495
KRT76	0	0	0
KRT1	0	0	0
KRT2	0	0	0
KRT71	0	0	0
NR4A1	163	66	97
CELA1	0	0	0
TMBIM6	6627	3396	3231
ADCY6	1525	792	733
LALBA	0	0	0
PFKM	2110	1050	1060
COL2A1	12	4	8
RAPGEF3	48	19	29
PTHLH	162	83	79
MRPS35	455	216	239
PPFIBP1	2469	1238	1231
STK38L	568	288	280
MED21	182	88	94
FGFR1OP2	364	178	186
ASUN	578	292	286
BHLHE41	1610	785	825
LDHB	1293	662	631
IAPP	0	0	0
SLCO1B3	0	0	0
GRIN2B	0	0	0
CDKN1B	941	469	472
TAS2R42	0	0	0
CAFA-T2R67	0	0	0
CAFA-T2R43	0	0	0
CAFA-T2R12	0	0	0
TAS2R10	0	0	0
TAS2R7	0	0	0
CSDA	2226	1111	1115
KLRA1	3	2	1
KLRD1	0	0	0
AICDA	0	0	0
SLC2A3	1068	539	529
CD163	11	5	6
MIR141	0	0	0
MIR200C	0	0	0
TPI1	9530	4820	4710
GNB3	2	1	1
CD4	0	0	0
GAPDH	30354	15920	14434
VWF	0	0	0
KCNA5	0	0	0
SLC6A12	258	122	136
MAPK3	1022	546	476
BID	1933	994	939
FYTTD1	743	394	349
ZFAND4	597	303	294
ALOX5	5	2	3
COR6D7	0	0	0
CXCL12	0	0	0
RET	30	18	12
MIR107	0	0	0
MIR8815-2	0	0	0
MIR8815-1	0	0	0
O3FAR1	0	0	0
PLCE1	1925	929	996
CYP2C18	30	15	15
GOT1	355	188	167
ABCC2	0	0	0
KCNIP2	17	10	7
MIR146B	0	0	0
ACTR1A	2351	1178	1173
MIR1307	0	0	0
MIR8816	0	0	0
ADRB1	3	1	2
PNLIPRP1	0	0	0
PRDX3	2054	1046	1008
MCMBP	444	222	222
FGFR2	918	463	455
MIR8817	0	0	0
MGMT	0	0	0
INPP5A	1155	535	620
MIR202	0	0	0
CYP2E1	0	0	0
MIR8818	0	0	0
PRKDC	3226	1660	1566
UBE2V2	431	210	221
SNAI2	585	306	279
RP1	0	0	0
RAB2A	1935	981	954
ASPH	916	452	464
CRH	2	0	2
SGK3	488	224	264
C29H8orf34	0	0	0
SULF1	6851	3516	3335
TRAM1	2793	1354	1439
KCNB2	0	0	0
RPL7	8237	4178	4059
IL7	0	0	0
HEY1	27	15	12
MIR8799B	0	0	0
CA1	0	0	0
CA3	2	1	1
CA2	163	80	83
CNGB3	0	0	0
SRP19	125	68	57
FER	442	207	235
ARSK	532	252	280
MIR9-2	0	0	0
CKMT2	3	2	1
ARSB	845	415	430
AP3B1	3736	1868	1868
F2RL1	68	35	33
MIR8901	0	0	0
COR6C40	0	0	0
MIR8799G	0	0	0
MIR211	0	0	0
TJP1	5847	2926	2921
VIMP	928	472	456
ST8SIA2	0	0	0
MIR7-2	0	0	0
ACAN	87	37	50
MIR9-3	0	0	0
RHCG	1	1	0
ANPEP	296	142	154
AP3S2	666	328	338
ARPIN	1166	549	617
SEC11A	2243	1217	1026
RPS17	7074	3575	3499
MIR1839	0	0	0
MIR8898	44	23	21
MIR184	0	0	0
MIR8900	1	0	1
MIR95	0	0	0
HGFAC	121	57	64
CD38	8	7	1
ZNF518B	1059	533	526
WDR1	7277	3846	3431
SLC2A9	2	1	1
RBM47	3	2	1
MIR574	0	0	0
TLR1	27	13	14
TLR10	0	0	0
CAR1	4	2	2
CCKAR	0	0	0
SMIM20	1450	750	700
MIR218-1	0	0	0
TMED11	0	0	0
PDE6B	0	0	0
MIR8899	0	0	0
MIR8792	0	0	0
SRP14	695	391	304
RAD51	313	159	154
JMJD7	152	63	89
PLA2G4B	87	57	30
SERF2	799	346	453
B2M	1726	3933	3608
DUOX1	0	0	0
GATM	63	31	32
MIR147	12	6	6
FBN1	36923	18480	18443
FGF7	2	0	2
MIR8791A	0	0	0
CYP19A1	0	0	0
RAB27A	652	334	318
MIR628	0	0	0
ALDH1A2	0	0	0
LIPC	1447	678	769
ANXA2	22992	11553	11439
MIR190A	0	0	0
OAZ2	2110	1072	1038
RAB11A	1642	833	809
MAP2K1	1145	598	547
RPL4	6955	3499	3456
SMAD3	420	216	204
CLN6	374	177	197
ANP32A	1359	682	677
NOX5	7	1	6
UACA	1362	646	716
CYP1A2	0	0	0
COX5A	247	130	117
MIR631	36	18	18
POU1F1	0	0	0
MIR99A-1	0	0	0
MIRLET7C	0	0	0
MIR125B-2	0	0	0
MIR155	18	8	10
APP	52515	26518	25997
SOD1	1421	732	689
SYNJ1	1398	660	738
C31H21orf62	0	0	0
SLC5A3	78	38	40
KCNE2	1	0	1
MIR802	0	0	0
MX2	118	53	65
MX1	1317	677	640
TFF3	0	0	0
TFF2	1	0	1
TFF1	0	0	0
UBASH3A	0	0	0
CRYAA	0	0	0
CXCL10	296	153	143
FGF5	33	21	12
ABCG2	746	357	389
PIGY	0	0	0
PYURF	0	0	0
HPGDS	0	0	0
BMPR1B	162	88	74
ADH5	300	145	155
H2AFZ	3891	1940	1951
PPP3CA	1413	765	648
NFKB1	1829	879	950
TACR3	0	0	0
OSTC	261	126	135
EGF	0	0	0
MIR367	0	0	0
MIR302D	0	0	0
MIR302A	0	0	0
MIR302C	0	0	0
MIR302B	0	0	0
ARSJ	682	307	375
PDE5A	1	1	0
NFKBIZ	854	403	451
CD47	2065	1070	995
MIR568	13	9	4
CD80	69	36	33
COX17	250	126	124
MIR6529	0	0	0
IQCB1	365	177	188
CD86	0	0	0
CASR	0	0	0
ADCY5	168	91	77
TFRC	3469	1721	1748
MIR8789	0	0	0
TAS2R1	0	0	0
SRD5A1	236	130	106
SLC6A3	0	0	0
TERT	19	9	10
MIR8790	0	0	0
ABCC5	724	371	353
AP2M1	6645	3347	3298
CRYGS	6	4	2
ADIPOQ	0	0	0
SST	0	0	0
BCL6	748	379	369
MIR28	0	0	0
IL12A	120	57	63
MIR15B	0	0	0
MIR16-2	0	0	0
MIR551B	0	0	0
GHSR	0	0	0
TNFSF10	810	423	387
SSR1	5704	2835	2869
EDN1	3	2	1
NHLRC1	14	6	8
TPMT	385	205	180
CDKAL1	324	165	159
PRL	0	0	0
GPX6	0	0	0
GPX5	0	0	0
MIR8797	0	0	0
GCG	0	0	0
ABCB11	0	0	0
GAD1	0	0	0
CHRNA1	12	8	4
MIR10B	2	1	1
MIR8796	0	0	0
PDE1A	56	26	30
ZC3H15	1874	957	917
TFPI	4	2	2
MSTN	0	0	0
AOX4	0	0	0
AOX2	0	0	0
CASP8	496	255	241
SUMO1	470	240	230
CD28	0	0	0
CTLA4	1	0	1
ICOS	0	0	0
CRYGD	0	0	0
CRYGC	0	0	0
CRYGB	0	0	0
CRYGA	0	0	0
PECR	165	70	95
CXCR2	0	0	0
AAMP	576	266	310
SLC11A1	189	90	99
MIR26B	0	0	0
MIR375	0	0	0
MIR1840	0	0	0
DES	12	10	2
SPEG	277	147	130
SLC4A3	526	261	265
MIR8795	0	0	0
CLN8	87	45	42
OPTC	105	63	42
REN	0	0	0
DSTYK	349	169	180
MIR135B	0	0	0
EIF2D	838	440	398
CDC73	527	259	268
MIR215	0	0	0
MIR194	0	0	0
MIR664	0	0	0
MIR8798	42	21	21
MGST3	416	222	194
FCER1G	0	0	0
SLAMF1	0	0	0
SLAMF9	56	25	31
FCER1A	0	0	0
CD1B	0	0	0
CD1C	0	0	0
CD1A6	0	0	0
TLR5	172	85	87
LGALS8	1590	793	797
MIR1841	59	25	34
MIR1296	0	0	0
TACR2	0	0	0
PRF1	1	1	0
MYOZ1	5	3	2
PLAU	1228	627	601
AP3M1	1731	897	834
KCNMA1	0	0	0
RPS24	1812	952	860
MIR346	0	0	0
BMPR1A	1369	674	695
LMAN2	2785	1397	1388
MIR1271	0	0	0
HRH2	3	2	1
MSX2	18	10	8
NKX2-5	2	1	1
ATP6V0E1	1154	547	607
NPM1	4604	2239	2365
KCNMB1	7	4	3
MIR218-2	0	0	0
MIR103-1	0	0	0
MIR146A	0	0	0
MIR8902	0	0	0
ADRA1B	135	76	59
IL12B	0	0	0
MED7	303	150	153
HAVCR2	10	2	8
HAVCR1	16	3	13
ATOX1	763	352	411
GPX3	5	4	1
RPS14	7445	3536	3909
TCOF1	665	324	341
ARSI	1	1	0
PDGFRB	2623	1333	1290
PDE6A	1	0	1
MIR378	0	0	0
MIR145	0	0	0
MIR143	0	0	0
ADRB2	0	0	0
CCL28	0	0	0
SEPP1	168	81	87
GHR	559	276	283
RPL37	640	318	322
PTGER4	314	153	161
LIFR	897	461	436
SLC1A3	531	231	300
SLC45A2	28	20	8
MIR8903	58	29	29
ZNF622	172	84	88
B3GAT1	0	0	0
MIR8868	1	1	0
MIR99A-2	0	0	0
MIRLET7A-2	0	0	0
MIR125B-1	0	0	0
PVRL1	1042	532	510
THY1	9919	5053	4866
SLC37A4	528	259	269
CD3E	0	0	0
FXYD6	1	1	0
FXYD2	0	0	0
BACE1	2125	1073	1052
MIR8871	268	131	137
APOC3	0	0	0
HTR3A	0	0	0
DRD2	0	0	0
NCAM1	0	0	0
IL18	0	0	0
MIR34C	0	0	0
MIR34B	0	0	0
ATM	1186	656	530
CASP4	0	0	0
CASP12	3	2	1
MMP12	0	0	0
MMP3	27	16	11
MMP7	0	0	0
BIRC2	1006	490	516
BIRC3	336	169	167
TEKT1	5	1	4
MIR8870	0	0	0
GP1BA	0	0	0
MIR195	0	0	0
MIR497	0	0	0
MIR324	24	10	14
SLC2A4	52	29	23
ZBTB4	1441	728	713
TNFSF12	145	68	77
TNFSF13	35	13	22
EIF4A1	3986	1972	2014
TP53	310	151	159
MIR8867	33	16	17
GUCY2D	0	0	0
RPL26	1736	851	885
RCVRN	0	0	0
MYH8	0	0	0
MYH4	0	0	0
MYH1	0	0	0
MYH2	0	0	0
MYH3	0	0	0
TVP23B	912	458	454
ADORA2B	218	123	95
ALDH3A1	0	0	0
MIR8872	20	11	9
SREBF1	3370	1698	1672
MIR33B	0	0	0
FLCN	798	374	424
KCNJ12	49	29	20
MIR8869	10	3	7
IL12RB2	41	28	13
LEPR	3506	1776	1730
LOC609115	2217	1127	1090
MIR101-1	0	0	0
JAK1	8206	4130	4076
FAM151A	74	39	35
DIO1	12	7	5
SLC1A7	11	8	3
MIR200B	0	0	0
MIR200A	0	0	0
MIR429	0	0	0
TNFRSF18	0	0	0
B3GALT6	198	88	110
TAS1R3	10	5	5
SSU72	704	366	338
GNB1	7956	4006	3950
MIR8866	3	3	0
TNFRSF14	373	175	198
MIR551A	0	0	0
NPHP4	818	414	404
SCAMPER	110	53	57
CA6	0	0	0
MIR34A	8	5	3
MC1R	21	11	10
GALNS	608	300	308
CYBA	2277	1110	1167
SLC7A5	2811	1404	1407
CFDP1	3154	1511	1643
LOC479649	2	2	0
CHST4	3	3	0
WWP2	1727	860	867
MIR140	0	0	0
NIP7	1154	565	589
CDH1	363	187	176
PLA2G15	474	223	251
SLC12A4	6409	3238	3171
MIR328	6	3	3
HSF4	253	112	141
CMTM1	0	0	0
CKLF	0	0	0
GUSB	2204	1092	1112
MIR2387	2	0	2
MIR590	3	0	3
CLDN3	0	0	0
CCL26	0	0	0
CCL24	2	2	0
POR	1320	601	719
HSPB1	4402	2244	2158
ZP3	0	0	0
SERPINE1	3332	1670	1662
EPO	2	0	2
MIR106B	1	1	0
MIR93	0	0	0
MIR25	7	3	4
AZGP1	0	0	0
CYP3A26	0	0	0
CYP3A12	7	3	4
EIF2AK1	1010	506	504
RAC1	3967	1952	2015
ACTB	17666	9344	8322
MIR589	0	0	0
MIR8873A	0	0	0
MIR8876	64	41	23
MIR8879	0	0	0
MIR339-1	1	0	1
PDGFA	511	268	243
SLC5A2	648	323	325
ITGAD	0	0	0
CTF1	31	18	13
C6H16orf93	81	47	34
TMEM265	111	52	59
SEPHS2	1931	982	949
MVP	4052	2080	1972
SULT1A1	2472	1225	1247
CLN3	513	250	263
C6H16orf82	0	0	0
MIR8875	0	0	0
MIR8878	0	0	0
ZP2	1	0	1
UMOD	0	0	0
GP2	2	1	1
RPS15A	10368	5361	5007
XYLT1	77	36	41
ABCC1	1379	701	678
NDE1	432	198	234
MIR365-1	1	1	0
MIR193B	0	0	0
MIR8874	0	0	0
PRM2	0	0	0
TNP2	0	0	0
PAM16	471	245	226
DNASE1	20	9	11
TNFRSF12A	689	340	349
MIR1842	27	11	16
PKD1	4402	2213	2189
SLC9A3R2	790	399	391
SEPX1	95	37	58
LOC448801	0	0	0
LOC100049001	0	0	0
SSTR5	0	0	0
MIR8877	11	8	3
HAGHL	168	77	91
LOC100855540	1	1	0
LOC100855558	3	2	1
MIR8799F	0	0	0
PGB	0	0	0
MIR8799E-1	0	0	0
MIR8799E-2	0	0	0
KCNA2	0	0	0
MIR197	20	7	13
TAF13	93	47	46
VCAM1	14523	7215	7308
SLC35A3	419	215	204
AGL	3204	1589	1615
MIR137	0	0	0
F3	1177	604	573
ABCA4	106	52	54
GFI1	9	2	7
SEP15	4585	2364	2221
UOX	0	0	0
LPHN2	0	0	0
PTGFR	83	39	44
ASB17	0	0	0
CRYZ	112	65	47
TNNI3K	0	0	0
FPGT	324	166	158
MIR186	0	0	0
PTGER3	0	0	0
RPE65	0	0	0
CHI3L1	4	2	2
ADORA1	29	17	12
CYB5R1	757	370	387
PKP1	0	0	0
TNNT2	4	2	2
MIR181A-1	0	0	0
MIR181B-1	0	0	0
ASPM	1533	787	746
IL10	0	0	0
PIGR	0	0	0
MIR29C-1	0	0	0
MIR29C-2	0	0	0
MIR29B-2	0	0	0
CD34	4	3	1
MIR205	0	0	0
HSD11B1	0	0	0
TRAF5	275	132	143
XPR1	641	316	325
GLUL	1937	1000	937
CE9	0	0	0
RNASEL	1052	525	527
LAMC2	8	5	3
NCF2	1	1	0
PDC	0	0	0
PTGS2	70	37	33
ANGPTL1	36	18	18
MIR488	0	0	0
MIR1843	2	2	0
FASLG	0	0	0
MIR199-2	11	5	6
MIR214	137	67	70
MYOC	0	0	0
FMO1	0	0	0
FMO3	245	100	145
SELE	50	23	27
SELP	0	0	0
DPT	1056	551	505
TBX19	1	0	1
ADCY10	0	0	0
KMO	4	2	2
MIR350	0	0	0
MIR7180	3	2	1
MIR8881	14	5	9
PSEN2	271	149	122
TMEM63A	1051	530	521
CD5L	0	0	0
BCAN	0	0	0
MIR9-1	0	0	0
RHBG	2	2	0
SSR2	3568	1799	1769
LMNA	10625	5279	5346
ARHGEF2	3506	1721	1785
PKLR	2	2	0
MIR92B	0	0	0
MUC1	217	100	117
KRTCAP2	1099	532	567
MIR190B	0	0	0
TPM3	1617	814	803
RPS27	2417	1299	1118
S100A4	5648	2803	2845
S100A8	11	9	2
ATP5A1	6605	3303	3302
PIK3C3	921	435	486
SLC39A6	1493	729	764
MIR187	0	0	0
DSG3	0	0	0
DSG1	0	0	0
CDH2	1618	755	863
CABYR	198	100	98
NPC1	3501	1718	1783
MIR1-2	0	0	0
MIR133A	0	0	0
SNRPD1	1180	591	589
CLUL1	0	0	0
TYMS	2335	1143	1192
LOC403581	6834	3317	3517
MIR8865	4	2	2
SLC7A8	2	2	0
BCL2L2	198	97	101
PABPN1	1070	524	546
MYH7	7	3	4
MIR208A	0	0	0
MIR208B	0	0	0
DHRS4	661	360	301
TGM1	32	14	18
CMA1	1	0	1
SRP54	2564	1283	1281
SSTR1	0	0	0
PNN	2049	1004	1045
RN7SL1	2	1	1
PYGL	625	317	308
PTGER2	41	17	24
BMP4	728	336	392
LGALS3	3384	1725	1659
MIR8883	50	19	31
HIF1A	5705	2810	2895
ZBTB1	1340	710	630
SPTB	29	17	12
GPX2	3	2	1
FUT8	1160	596	564
ARG2	923	466	457
COX16	72	27	45
SYNJ2BP	682	341	341
PSEN1	1519	755	764
NPC2	1754	894	860
ACYP1	32	18	14
NGB	1	0	1
DIO2	1	1	0
TSHR	0	0	0
MIR8884	0	0	0
GALC	368	173	195
TTC8	217	109	108
PSMC1	1632	832	800
SERPINA1	0	0	0
BDKRB2	98	56	42
BDKRB1	1	0	1
MIR342	0	0	0
MIR345	3	0	3
MIR493	0	0	0
MIR665	0	0	0
MIR433	0	0	0
MIR127	0	0	0
MIR432	0	0	0
MIR136	0	0	0
MIR370	0	0	0
MIR379	0	0	0
MIR411	0	0	0
MIR299	0	0	0
MIR380	0	0	0
MIR323	0	0	0
MIR758	0	0	0
MIR329B	0	0	0
MIR329A	0	0	0
MIR494	0	0	0
MIR543	0	0	0
MIR495	0	0	0
MIR3958	0	0	0
MIR376A-3	0	0	0
MIR376C	0	0	0
MIR376A-2	0	0	0
MIR376B	0	0	0
MIR376A-1	0	0	0
MIR300	0	0	0
MIR1185	0	0	0
MIR381	0	0	0
MIR487B	0	0	0
MIR539	0	0	0
MIR889	0	0	0
MIR544	0	0	0
MIR487A	0	0	0
MIR382	0	0	0
MIR134	0	0	0
MIR485	0	0	0
MIR496	0	0	0
MIR377	0	0	0
MIR409	0	0	0
MIR369	0	0	0
MIR410	0	0	0
DIO3	2	2	0
AMN	2	2	0
MIR8882	0	0	0
MIR203	0	0	0
HGS	1074	527	547
PDE6G	0	0	0
ACTG1	51429	25444	25985
MIR338	0	0	0
SGSH	717	369	348
TIMP2	1715	881	834
SOCS3	414	178	236
BIRC5	814	435	379
SYNGR2	1094	558	536
MIR6516	0	0	0
ST6GALNAC1	0	0	0
ST6GALNAC2	195	108	87
PRCD	0	0	0
CYGB	0	0	0
RHBDF2	156	88	68
AANAT	0	0	0
MIR8886	0	0	0
ZACN	2	2	0
SRP68	1737	896	841
UNK	973	484	489
GALK1	905	461	444
SUMO2	2699	1410	1289
HN1	459	236	223
SSTR2	7	5	2
SOX9	37	20	17
ITGB3	1442	749	693
MIR8885	72	40	32
MAPT	7	3	4
GH1	0	0	0
DDX5	15192	7746	7446
APOH	0	0	0
ARSG	13	4	9
KCNJ2	4	2	2
GJC1	490	233	257
ITGA2B	28	16	12
SLC4A1	0	0	0
BRCA1	1040	490	550
RPL27	4054	2009	2045
G6PC	4	2	2
CCDC56	337	182	155
TUBG1	718	350	368
HCRT	0	0	0
RAB5C	1107	583	524
JUP	4623	2277	2346
EIF1	7659	3989	3670
KRT14	0	0	0
KRT9	0	0	0
KRT19	0	0	0
KRT15	0	0	0
KRT12	6	2	4
KRT10	121	68	53
MIR8888	0	0	0
RARA	712	360	352
THRA	760	367	393
ERBB2	1566	824	742
PGAP3	92	56	36
TCAP	59	30	29
RPL23	1500	738	762
PSMB3	812	434	378
MIR152	0	0	0
MIR10A	0	0	0
MIR196A-1	4	4	0
GNGT2	1	0	1
PHB	918	441	477
COL1A1	326672	161804	164868
XYLT2	521	253	268
NME1	703	342	361
NME2	3069	1498	1571
MIR1844	0	0	0
MIR142	0	0	0
MIR454	1	0	1
MIR301A	0	0	0
MIR21	1	1	0
TUBD1	147	73	74
TBX4	0	0	0
TBX2	51	28	23
CCL4	0	0	0
CCL3	0	0	0
LOC480600	0	0	0
CCL5	19	9	10
CCL1	0	0	0
CCL13	0	0	0
CCL8	0	0	0
CCL7	9	4	5
CCL2	3842	2009	1833
SPACA3	0	0	0
MIR632	148	66	82
MIR365-2	16	9	7
MIR193A	0	0	0
LGALS9	2109	1099	1010
NOS2	167	73	94
POLDIP2	2604	1292	1312
ALDOC	2229	1140	1089
MIR451	0	0	0
MIR144	0	0	0
CRYBA1	3	0	3
MIR423A	0	0	0
SLC6A4	0	0	0
MIR22	7	3	4
SERPINF1	5391	2841	2550
MIR132	0	0	0
MIR212	0	0	0
COR1A3	0	0	0
GNG10	809	435	374
OR1E2	0	0	0
TRPV1	14	8	6
MIR8889	0	0	0
GRIN1	0	0	0
FUT7	0	0	0
PTGDS	38	21	17
MIR126	0	0	0
LHX3	0	0	0
LCN1	0	0	0
ABO	22	17	5
RPL7A	13296	6782	6514
ADAMTS13	29	14	15
DBH	0	0	0
GBGT1	1335	706	629
PTGES	126	65	61
MIR8887	74	33	41
MIR219-2	0	0	0
DNM1	20	13	7
MIR199-3	0	0	0
PTGES2	207	105	102
AK1	699	378	321
RPL12	8575	4316	4259
SLC2A8	553	286	267
MIR181B-2	1	1	0
MIR181A-2	2	1	1
PSMB7	2185	1137	1048
PTGS1	5	3	2
GGTA1	5519	2750	2769
SHOX	0	0	0
ARSE	426	216	210
ARSH	0	0	0
OBP	0	0	0
TLR7	0	0	0
RAB9A	1046	543	503
ACE2	4	1	3
ARX	13	9	4
LOC491788	0	0	0
MAGEB10	0	0	0
DMD	639	322	317
TMEM47	1550	789	761
CYBB	3	3	0
DYNLT3	619	307	312
RPGR	274	128	146
MAOA	2	1	1
MAOB	0	0	0
KDM6A	1373	711	662
MIR221	1	0	1
MIR222	0	0	0
USP11	3104	1574	1530
TIMP1	3762	1789	1973
SLC35A2	468	240	228
FOXP3	9	3	6
MIR532	0	0	0
MIR188	0	0	0
MIR500	0	0	0
MIR362	0	0	0
MIR660	0	0	0
MIR502	0	0	0
CCNB3	193	110	83
MIR8791B	0	0	0
KDM5C	4187	2111	2076
MIR98	0	0	0
MIR8834B	0	0	0
MIR1468	0	0	0
MIR223	0	0	0
EDA	3	2	1
MIR676	0	0	0
IL2RG	10	8	2
CXCR3	0	0	0
RPS4X	11811	5838	5973
MIR421	24	18	6
MIR374B	51	22	29
MIR545	0	0	0
MIR374A	0	0	0
MIR384	0	0	0
MIR325	0	0	0
MIR361	0	0	0
MIRLET7J	0	0	0
TIMM8A	146	77	69
BEX4	83	54	29
MIR8904A	0	0	0
PLP1	0	0	0
CLDN2	0	0	0
COL4A5	48	21	27
MIR652	0	0	0
MIR764	0	0	0
HTR2C	0	0	0
MIR448	0	0	0
IL13RA2	2	2	0
PGRMC1	2959	1455	1504
LOC403555	128	72	56
MIR8904B	0	0	0
XIAP	301	161	140
MIR2483	0	0	0
SLC25A14	139	61	78
MIR363	0	0	0
MIR92A-2	0	0	0
MIR19B-2	0	0	0
MIR20B	0	0	0
MIR18B	0	0	0
MIR106A	0	0	0
HPRT1	1062	562	500
MIR450B	0	0	0
MIR450A	0	0	0
MIR542	0	0	0
MIR503	0	0	0
MIR424	0	0	0
HTATSF1	1361	689	672
CD40LG	2	1	1
MIR504	0	0	0
F9	0	0	0
MIR505	0	0	0
MIR8908C	0	0	0
MIR8908E	0	0	0
MIR8908B	0	0	0
MIR8908D-2	0	0	0
MIR8908A-4	0	0	0
MIR8908A-1	0	0	0
MIR8908D-3	0	0	0
MIR8908A-2	0	0	0
MIR8908D-1	0	0	0
MIR8908A-3	0	0	0
MIR8908F	0	0	0
MIR506	0	0	0
MIR507A	0	0	0
MIR508A	0	0	0
MIR508B	0	0	0
MIR507B	0	0	0
MIR514	0	0	0
IDS	1499	742	757
MIR2114	0	0	0
VMA21	103	38	65
MIR224	0	0	0
MIR452	0	0	0
MIR105A	0	0	0
MIR105B	0	0	0
BGN	10755	5230	5525
SSR4	1182	594	588
AVPR2	0	0	0
MIR718	0	0	0
OPN1LW	0	0	0
GDI1	2605	1325	1280
MPP1	654	327	327
F8	1	1	0
FUNDC2	290	145	145
CLIC2	523	262	261
