N_unmapped	1721258	1721258	1721258
N_multimapping	721288	721288	721288
N_noFeature	14595152	15578368	15592608
N_ambiguous	17730	3177	3125
CYB5A	397	219	178
BCL2	119	51	68
PPIAP1	1	0	1
CDH20	0	0	0
MC4R	0	0	0
PMAIP1	87	44	43
SEC11C	335	5766	5986
MIR122	0	0	0
TCF4	718	359	359
VNN1	8	2	6
TBPL1	50	26	24
UTRN	11382	5766	5616
PPIL4	500	256	244
LATS1	503	254	249
ESR1	6	3	3
MIR8873B	0	0	0
NOX3	0	0	0
EZR	5219	2666	2553
MIR1836	4	3	1
MAS1	0	0	0
IGF2R	7430	3770	3660
SLC22A2	2	1	1
PLG	1	0	1
QKI	1502	733	769
T	0	0	0
SMOC2	41	21	20
THBS2	196	98	98
PLN	0	0	0
GJA1	2065	1073	992
TRDN	0	0	0
ARHGAP18	402	209	193
MIR24-1	4	2	2
MIR27B	0	0	0
MIR23B	1	1	0
DAPK1	340	166	174
HNRNPK	9992	5062	4930
MIR7-1	6	3	3
GNAQ	492	251	241
ANXA1	14014	7076	6938
ALDH1A1	0	0	0
MIR204	0	0	0
TJP2	2817	1387	1430
FXN	90	48	42
VLDLR	1690	857	833
SLC1A1	114	56	58
MIR101-2	0	0	0
RLN1	1	0	1
CD274	56	23	33
MIRLET7D	7	2	5
MIRLET7F	0	0	0
MIR8893	0	0	0
UBE2S	731	415	316
TNNI3	18	8	10
NCR1	0	0	0
PRPF31	710	359	351
MIR371	0	0	0
ZNF331	220	114	106
VN1R4	0	0	0
MIR8891	4	0	4
MIR125A	0	0	0
MIRLET7E	0	0	0
MIR99B	0	0	0
KLK14	0	0	0
KLK10	0	0	0
KLK9	0	0	0
KLK8	0	0	0
KLK7	0	0	0
KLK6	0	0	0
KLK5	0	0	0
KLK4	0	0	0
KLK2	0	0	0
KLK1	0	0	0
MIR150	0	0	0
FLT3LG	71	39	32
MIR8890	1	1	0
NTF4	16	5	11
LHB	5	3	2
FTL	5200	2948	2252
BAX	179	88	91
DHDH	38	18	20
HSD17B14	80	50	30
RPL18	3642	1828	1814
ELSPBP1	2	0	2
CRX	0	0	0
SEPW1	1565	741	824
C5AR1	0	0	0
ARHGAP35	2206	1105	1101
SLC1A5	1784	910	874
MIR769	6	1	5
SNRPD2	1200	606	594
MIR330	0	0	0
VASP	1642	813	829
FOSB	104	52	52
APOC2	0	0	0
APOC1	0	0	0
CEACAM16	0	0	0
LOC476445	17	8	9
XRCC1	859	428	431
CEACAM23	0	0	0
CEACAM24	0	0	0
CAECAM1	18	12	6
CEACAM28	17	9	8
CEACAM30	0	0	0
CEACAM1	81	42	39
GRIK5	11	4	7
RABAC1	2124	1054	1070
TGFB1	414	213	201
CYP2B6	0	0	0
CYP2A7	0	0	0
CYP2A13	0	0	0
RAB4B	189	102	87
MIR8892	14	3	11
AKT2	575	279	296
LGALS4	2	1	1
SPINT2	738	394	344
TYROBP	8	4	4
PSENEN	601	319	282
ATP4A	0	0	0
KRTDAP	0	0	0
HAMP	0	0	0
FXYD1	534	272	262
SCN1B	19	14	5
RHPN2	102	56	46
SLC7A9	0	0	0
MIR578	0	0	0
PMEL	47	27	20
MIP	0	0	0
NACA	2387	1255	1132
TAC3	0	0	0
MIR26A-2	0	0	0
AVPR1A	0	0	0
IFNG	0	0	0
MDM2	1233	640	593
LYZ	0	0	0
TPH2	0	0	0
ARSA	1397	702	695
SELO	372	195	177
PPARA	29	15	14
MIRLET7B	1	0	1
MIRLET7A-1	0	0	0
MIR1249	17	9	8
ARHGAP8	0	0	0
PRR5	9	6	3
CYB5R3	1628	798	830
MIR8829	1	1	0
CYP2D15	0	0	0
MIR33A	0	0	0
ST13	1763	900	863
MCHR1	0	0	0
RPL3	6686	3299	3387
PDGFB	26	16	10
EIF3L	373	203	170
LGALS1	6116	2881	3235
LGALS2	62	30	32
MIR8828	0	0	0
MIR1835	0	0	0
SSTR3	0	0	0
IL2RB	0	0	0
MIR8827	0	0	0
MYH9	25164	12657	12507
HMOX1	225	107	118
TIMP3	1175	580	595
TXNRD1	2911	1462	1449
MIR8799C	0	0	0
MIR8826	0	0	0
RFX8	0	0	0
UBE2N	95	42	53
RPL31	556	282	274
CNGA3	0	0	0
COX5B	897	448	449
THADA	384	185	199
SLC3A1	106	57	49
STON1	273	130	143
GTF2A1L	0	0	0
ASB3	726	374	352
RPS27A	5310	2676	2634
MIR217	0	0	0
MIR216A	0	0	0
MIR216B	0	0	0
COMMD1	814	382	432
RAB1A	2144	1105	1039
PLEK	2	0	2
ANXA4	1660	856	804
SNRPG	140	73	67
MIR340	2	1	1
CANX	19476	9972	9504
PROP1	0	0	0
TICAM2	97	43	54
TMED7	1959	962	997
MIR8830-2	0	0	0
MIR8830-1	0	0	0
MIR8830-3	0	0	0
IL3	0	0	0
CSF2	1	1	0
IL5	3	3	0
IL13	0	0	0
IL4	0	0	0
GDF9	41	24	17
HSPA4	2920	1431	1489
SKP1	2110	1067	1043
PPP2CA	1673	854	819
MIR874	0	0	0
BTF3	1909	1017	892
SLBP2	5	3	2
ETF1	274	126	148
MATR3	6647	3432	3215
MLANA	0	0	0
IL33	17	8	9
TYRP1	0	0	0
FTH1	4680	2405	2275
RPS6	6824	3511	3313
MIR491	0	0	0
IFNB1	0	0	0
IFNA5	0	0	0
IFNA8	0	0	0
IFNA6	0	0	0
IFNA7	0	0	0
MIR31	0	0	0
CDKN2B	119	54	65
MIR8831	0	0	0
MIR872	0	0	0
IFNK	4	1	3
MIR876	0	0	0
NDUFB6	337	174	163
APTX	138	67	71
DNAJA1	695	369	326
MIR207	1	0	1
CNTFR	11	6	5
CCL27	10	4	6
CCL19	0	0	0
CCL21	0	0	0
ARHGEF39	390	213	177
CA9	141	69	72
RECK	881	435	446
SEC61B	739	370	369
INVS	831	427	404
OR13F1	0	0	0
COR13C13	0	0	0
MIR32	2	1	1
AKAP2	303	160	143
DNAJC25	441	250	191
UGCG	563	274	289
HSDL2	530	276	254
SLC46A2	26	13	13
LOC481674	0	0	0
MIR455	0	0	0
TNC	0	0	0
TLR4	0	0	0
STOM	1457	752	705
RPP21	258	130	128
DLA88	1708	838	895
DLA-12	473	245	229
DLA-64	320	166	164
DDX39B	2528	1299	1229
ATP6V1G2	0	0	0
NFKBIL1	193	108	85
TNF	7	3	4
LTB	5	2	3
LY6G5C	5	1	4
CLIC1	3716	1899	1817
HSP70	81	40	41
CYP21A2	72	28	44
AGER	15	5	10
DLA-DRA	0	0	0
HLA-DRB1	3	1	2
DLA-DQA1	0	0	0
DLA-DQB1	0	0	0
DLA-DOB	3	1	2
TAP2	2828	1389	1439
PSMB8	31	14	17
TAP1	3618	1836	1782
PSMB9	597	297	300
DLA-DMB	9	8	1
DLA-DMA	24	15	9
BRD2	4441	2307	2134
SLC39A7	4949	2442	2507
MIR219-1	1	1	0
RING1	653	330	323
VPS52	873	458	415
RPS18	4643	2325	2318
B3GALT4	142	77	65
PFDN6	310	160	150
TAPBP	11499	5813	5686
LOC481744	515	270	245
MIR8832	0	0	0
HMGA1	1276	626	650
NUDT3	522	245	277
RPS10	2046	1040	1006
FKBP1A	791	385	406
PPARD	757	397	360
RPL10A	3319	1674	1645
CLPS	0	0	0
MAPK14	726	357	369
PNPLA1	0	0	0
PIM1	225	120	105
TREM1	0	0	0
PRPH2	0	0	0
VEGFA	3021	1525	1496
SLC29A1	2784	1391	1393
SLC35B2	791	427	364
SLC25A27	110	57	53
PLA2G7	2531	1264	1267
RHAG	3	2	1
DEFB112	0	0	0
TFAP2B	19	5	14
MIR206	0	0	0
IL17A	0	0	0
GSTA4	659	327	332
FBXO9	749	361	388
HCRTR2	0	0	0
LGSN	0	0	0
SMAP1	359	191	168
B3GAT2	27	13	14
MIR30C-2	0	0	0
MIR30A	0	0	0
OOEP	0	0	0
EEF1A1	22357	11193	11164
MIR8835	781	375	406
HTR1B	261	143	118
MIR8834A-2	0	0	0
MIR8834A-1	0	0	0
SNAP91	25	9	16
CGA	1	1	0
SLC35A1	182	88	94
MIR8833	0	0	0
FUT9	0	0	0
MCHR2	0	0	0
FIG4	614	308	306
MIR599	2	2	0
MIR875	1	0	1
AZIN1	4517	2242	2275
FZD6	3092	1549	1543
ZFPM2	102	49	53
ANGPT1	565	278	287
MIR8836	0	0	0
EBAG9	545	227	318
ANXA13	8	4	4
MYC	423	217	206
TG	0	0	0
NDRG1	1385	689	696
MIR30B	0	0	0
MIR30D	0	0	0
MIR151	0	0	0
FAM83H	350	167	183
ZNF252	376	207	169
MIR8880	0	0	0
CNGA1	11	6	5
KIT	1	1	0
KDR	28	19	9
SRP72	4222	2136	2086
GNRHR	0	0	0
UGT2B31	0	0	0
SULT1B1	0	0	0
CSN2	0	0	0
ODAM	0	0	0
ALB	0	0	0
AFP	0	0	0
CXCL8	1402	718	684
PPBP	3	2	1
ARF1	888	455	433
COR2T18	0	0	0
AKR1B1	147	70	77
SLC35B4	278	140	138
PODXL	54	28	26
MIR29B-1	0	0	0
MIR29A	0	0	0
MIR335	0	0	0
MIR183	0	0	0
MIR96	0	0	0
MIR182	0	0	0
LEP	0	0	0
MIR129-1	0	0	0
MIR592	0	0	0
ABCB1	397	203	194
CALCR	0	0	0
MIR653	0	0	0
MIR489	0	0	0
GNGT1	0	0	0
COL1A2	168127	83836	84291
PEG10	1200	614	586
PON2	2830	1428	1402
MIR8841-1	0	0	0
MIR8841-2	0	0	0
CAFA-T2R2	0	0	0
CRSP-4	0	0	0
IL6	6	5	1
MYEOV2	336	180	156
CYCS	705	383	322
NPVF	0	0	0
MIR148A	0	0	0
MIR196B	3	1	2
HOXA10	129	72	57
PLEKHA8	453	238	215
AQP1	0	0	0
TES	1820	918	902
CAV2	1757	865	892
CAV1	2668	1379	1289
MET	4498	2176	2322
CAPZA2	2042	1036	1006
CFTR	0	0	0
SLC2A1	1116	569	547
GUCA2A	0	0	0
MIR8839	0	0	0
EDN2	78	33	45
MIR30C-1	0	0	0
MIR30E	0	0	0
COL9A2	411	223	188
PPT1	1562	748	814
MYCBP	98	46	52
RSPO1	0	0	0
C15H16orf87	101	56	45
MIR761	1	1	0
CYP4X1	0	0	0
CYP4A37	0	0	0
CYP4A38	0	0	0
CYP4A11	0	0	0
AKR1A1	483	246	237
PRDX1	4482	2195	2287
COR11G5	0	0	0
COR11G9	0	0	0
RPPH1	0	0	0
APEX1	1528	718	810
MIR8838	0	0	0
KITLG	68	33	35
ATP2B1	2166	1115	1051
DCN	8146	4116	4030
MIR8840	0	0	0
MIR331	0	0	0
MIR135A-2	0	0	0
MIR8837	0	0	0
PMCH	39	15	24
HSP90B1	31735	15996	15739
GYPA	0	0	0
EDNRA	33	15	18
TLR2	772	374	398
SFRP2	742	400	342
GUCY1A3	52	25	27
GUCY1B3	26	7	19
ETFDH	1354	681	673
NPY1R	18	6	12
NPY5R	8	6	2
MIR8862	0	0	0
MIR8852	0	0	0
MIR8853	0	0	0
MIR8793-3	0	0	0
MIR8793-2	0	0	0
MIR8793-1	0	0	0
cOR13M4	0	0	0
TAS2R41	0	0	0
CLCN1	15	7	8
CASP2	1039	524	515
TAS2R40	23	13	10
TAS2R39	0	0	0
TAS2R38	0	0	0
TAS2R5	0	0	0
TAS2R3	0	0	0
SSBP1	138	75	63
HIPK2	432	201	231
LUC7L2	1274	658	616
C16H7orf55	76	37	39
MIR8794-2	0	0	0
MIR8794-1	0	0	0
MIR8907	3	3	0
MIR490	0	0	0
MTPN	763	392	371
MIR8847	0	0	0
MIR8906	1	0	1
MIR8849	0	0	0
MIR8863	0	0	0
SSPO	18	9	9
KCNH2	0	0	0
NOS3	0	0	0
FASTK	464	246	218
MIR671	83	48	35
MIR8855	0	0	0
MIR8850	0	0	0
MIR8851	0	0	0
MIR153	0	0	0
VDAC3	691	345	346
AP3M2	132	71	61
MIR486	0	0	0
MIR8854	55	29	26
MIR8799D	0	0	0
ADAM9	5869	3002	2867
STAR	0	0	0
ADRB3	0	0	0
FUT10	139	75	64
MBOAT4	0	0	0
LEPROTL1	570	266	304
MIR8856	5	4	1
MIR8848	4	2	2
DLC1	1758	868	890
MIR383	0	0	0
F11	0	0	0
KLKB1	19	10	9
CASP3	548	258	290
RWDD4	141	64	77
SPCS3	704	355	349
MCPH1	433	205	228
ANGPT2	3	1	2
DEFB1	0	0	0
DEFB4A	0	0	0
CBD103	0	0	0
SPAG11E	0	0	0
SPAG11B	0	0	0
DEFB105A	0	0	0
TPO	0	0	0
RNASEH1	238	118	120
ADAM17	1871	949	922
MIR8846	0	0	0
TRIB2	319	174	145
MIR8845	0	0	0
RHOB	823	436	387
MIR1301	0	0	0
RAB10	1391	676	715
EPT1	446	228	218
KHK	35	17	18
GCKR	5	1	4
MIR1837-1	0	0	0
MIR1837-2	0	0	0
MIR1837-3	0	0	0
MRPL33	269	132	137
PPP1CB	2641	1273	1368
C17H2orf71	0	0	0
SRD5A2	0	0	0
EIF2AK2	1285	685	600
CYP1B1	667	346	321
SLC8A1	56	25	31
MAL	0	0	0
NPHP1	127	60	67
TPC3	424	222	202
IL1A	4	1	3
IL1B	5	4	1
IL1RN	1	1	0
PAX8	0	0	0
FOXI3	0	0	0
FABP1	0	0	0
CD8A	0	0	0
MIR8843	0	0	0
MAT2A	1796	846	950
LOC100687463	0	0	0
REG3A	0	0	0
TACR1	0	0	0
HTRA2	371	176	195
MIR8842	6	3	3
CDK2AP1	1266	650	616
NRAS	1294	629	665
TSHB	0	0	0
NGF	104	55	49
ATP1A1	8896	4369	4527
HSD3B2	2	0	2
GJA5	0	0	0
FCGR1A	0	0	0
MCL1	1441	707	734
CTSS	25	15	10
CTSK	1565	779	786
CDC42SE1	550	285	265
PIP5K1A	2220	1142	1078
PSMD4	1161	610	551
CGN	44	20	24
RIIAD1	45	20	25
OAZ3	1	0	1
SMCP	0	0	0
MIR8844	0	0	0
ADORA3	0	0	0
SEC61G	679	350	329
DLD	1299	612	687
CD36	4	3	1
HGF	77	50	27
HRAS	140	74	66
MIR210	0	0	0
LOC610760	640	300	340
MIR129-2	0	0	0
SLC1A2	0	0	0
CD44	4113	2177	1936
MIR1343	0	0	0
CAT	1360	702	658
C18H11orf31	246	124	122
ZDHHC5	2451	1219	1232
MIR130A	0	0	0
COR12E4	0	0	0
CFOLF1	0	0	0
COR5L1	0	0	0
DLA-79	1	0	1
OR4S2	4	0	4
MYBPC3	0	0	0
ARHGAP1	1382	678	704
SLC35C1	293	139	154
MIR8861	0	0	0
CTSD	843	402	441
H19	239	131	108
IGF2	1	1	0
MIR483	0	0	0
INS	0	0	0
TH	0	0	0
MIR8859A	2	2	0
MIR8859B	1	1	0
MIR8860	0	0	0
CCND1	160	80	80
CPT1A	3002	1451	1551
NDUFS8	489	242	247
GSTP1	584	293	291
PPP1CA	2345	1173	1172
CCS	312	144	168
MIR8858	55	30	25
MIR192	0	0	0
MEN1	335	178	157
SLC22A12	0	0	0
ESRRA	186	88	98
BAD	164	88	76
OTUB1	389	199	190
COX8A	602	267	335
RTN3	4735	2378	2357
LGALS12	0	0	0
BEST1	6	2	4
PGA	0	0	0
GPR44	0	0	0
IL15	0	0	0
UCP1	47	25	22
SLC7A11	273	135	138
MIR8857	0	0	0
IL21	0	0	0
IL2	0	0	0
LOC476104	0	0	0
GYPC	70	39	31
CNTNAP5	0	0	0
TMEM185B	315	142	173
EPB41L5	197	109	88
DBI	933	447	486
MIR128-1	0	0	0
CXCR4	2	2	0
CREM	111	63	48
MIR8864-4	0	0	0
MIR8864-1	0	0	0
MIR8864-3	0	0	0
GAD2	2	0	2
BMI1	996	518	478
COMMD3	657	326	331
MIR8895	0	0	0
PTPLA	30	17	13
ST8SIA6	0	0	0
VIM	44415	22504	21911
CUBN	145	64	81
SEPHS1	3394	1668	1726
LOC478000	1426	706	720
LOC478001	0	0	0
IL2RA	4	2	2
GDI2	3402	1749	1653
AKR1C3	0	0	0
SLC23A1	5	4	1
PFDN1	305	161	144
ANKHD1	1399	684	715
EIF4EBP3	101	48	53
NR3C1	1129	567	562
SPINK5	11	4	7
GPX8	2656	1297	1359
MIR449A	0	0	0
MIR449B	0	0	0
IL6ST	8777	4372	4405
MIR582	0	0	0
HTR1A	0	0	0
ATP1B1	693	374	319
AK6	82	46	36
TAF9	339	147	192
OCLN	114	53	61
SMN	450	217	233
MIR8813-2	0	0	0
GOT2	690	342	348
CNGB1	0	0	0
CCL17	15	11	4
CX3CL1	999	534	465
MIR138B	0	0	0
MT1E	224	121	103
MT2A	445	241	204
MT4	0	0	0
CES5A	0	0	0
CES1	0	0	0
SLC6A2	0	0	0
NOD2	115	49	66
AZIN2	103	45	58
EPB41	469	228	241
TAF12	55	24	31
RCC1	444	225	219
SNHG3	45	23	22
PTAFR	0	0	0
SLC9A1	870	429	441
HMGN2	3002	1523	1479
CD52	0	0	0
SEPN1	1655	860	795
TMEM57	810	401	409
RHCE	0	0	0
CNR2	0	0	0
FUCA1	5369	2649	2720
RPL11	3928	1873	2055
ID3	318	149	169
MIR8897	20	10	10
HTR1D	52	25	27
CDC42	735	378	357
ALPL	152	76	76
DDOST	6644	3158	3486
TAS1R2	0	0	0
PADI6	1	0	1
SDHB	287	133	154
CASP9	342	174	168
PDPN	0	0	0
MIR8896	6	2	4
MIIP	201	109	92
MFN2	959	504	455
PLOD1	6720	3404	3316
MIR8894	5	3	2
APITD1	59	31	28
TXNRD3	227	128	99
SEC61A1	10409	5150	5259
RAB7A	2458	1209	1249
CNBP	2890	1417	1473
ISY1	535	283	252
SLC6A6	3057	1479	1578
PPIAP4	150	76	74
RHO	0	0	0
RPL32	3586	1835	1751
PPARG	41	25	16
TAMM41	117	59	58
MIR885	0	0	0
GHRL	3	1	2
VHL	249	139	110
THUMPD3	178	86	92
OXTR	0	0	0
CAV3	0	0	0
SETMAR	31	20	11
MITF	93	40	53
EOGT	562	268	294
FHIT	11	7	4
CCDC66	421	208	213
WNT5A	19	10	9
SELK	236	120	116
PRKCD	540	264	276
MIR135A-1	2	0	2
MIRLET7G	2	2	0
TLR9	2	1	1
MIR8800	55	28	27
MIR8799A	0	0	0
GNAI2	3655	1814	1841
GNAT1	4	1	3
DAG1	9882	5003	4879
NICN1	183	97	86
AMT	270	118	152
RHOA	4431	2214	2217
GPX1	5445	2821	2624
MIR191	0	0	0
MIR425	1	0	1
COL7A1	125	52	73
CAMP	0	0	0
CDC25A	72	34	38
PTH1R	56	24	32
LTF	0	0	0
CCR5	0	0	0
CCR3	0	0	0
CCR1	0	0	0
CCR9	0	0	0
MIR8801	0	0	0
MEF2B	16	9	7
MIR8803	0	0	0
UBA52	1050	506	544
LSM4	153	66	87
INSL3	0	0	0
FAM32A	193	102	91
RAB8A	662	329	333
AKAP8	553	297	256
SLC1A6	0	0	0
CFOLF4	0	0	0
ADGRE2	8	5	3
EMR3	93	44	49
CD97	1258	637	621
PRKACA	454	226	228
MIR1199	0	0	0
MIR181D	1	1	0
MIR181C	1	1	0
MIR23A	0	0	0
MIR27A	0	0	0
MIR24-2	0	0	0
RTBDN	1	0	1
ACP5	15	10	5
EPOR	3	2	1
MIR199-1	3	3	0
ICAM1	8473	4178	4295
P2RY11	32	19	13
PPAN	317	158	159
STXBP2	1017	520	497
CD209	0	0	0
CTXN1	67	36	31
CCL25	0	0	0
ADAMTS10	434	212	222
EMR4	0	0	0
EMR1	0	0	0
TNFSF14	0	0	0
CAPS	28	14	14
FUT5	0	0	0
MIR7-3	0	0	0
MIR8804	2	1	1
MAP2K2	809	392	417
MIR8802	0	0	0
TJP3	31	12	19
NCLN	860	434	426
LSM7	109	62	47
OAZ1	3798	1921	1877
MIR8805	0	0	0
ELANE	0	0	0
MADCAM1	3	1	2
PGR	9	4	5
GPR83	33	19	14
MIR8812	0	0	0
FOLH1	2156	1070	1086
TYR	0	0	0
CTSC	107	44	63
MIR708	0	0	0
MIR1838	0	0	0
CLNS1A	282	150	132
SERPINH1	19904	10179	9725
MIR326	0	0	0
SPCS2	1224	625	599
UCP3	1	1	0
UCP2	807	411	396
MIR139	0	0	0
LRTOMT	96	56	40
IL18BP	225	94	131
cOR51P3	0	0	0
COR52J8	0	0	0
LOC480784	0	0	0
LOC609402	0	0	0
TRIM6	0	0	0
TRIM34	180	86	94
cOR52P3	0	0	0
cOR56B2	0	0	0
cOR52N9	0	0	0
COR56A6	0	0	0
CCKBR	0	0	0
TPP1	950	495	455
OR2D3	0	0	0
cOR10A3	0	0	0
RPL27A	855	441	414
ADM	148	72	76
MIR8810	11	8	3
RNF141	246	111	135
ZBED5	1045	519	526
DKK3	3253	1649	1604
PTH	0	0	0
CALCB	0	0	0
CRSP-3	0	0	0
CRSP-2	0	0	0
CALCA	0	0	0
KCNC1	0	0	0
TPH1	0	0	0
SAA1	32	19	13
LDHC	0	0	0
ANO5	566	292	274
SLC17A6	0	0	0
SVIP	0	0	0
CCDC179	0	0	0
BDNF	14	6	8
MIR8811	10	6	4
GIF	0	0	0
MS4A2	0	0	0
MS4A1	0	0	0
MIR8813-1	0	0	0
ATP7B	391	193	198
MIR15A	0	0	0
MIR16-1	0	0	0
MLNR	3	1	2
HTR2A	0	0	0
MIR8814	0	0	0
MIR759	0	0	0
CLN5	1937	992	945
EDNRB	1	1	0
MIR17	0	0	0
MIR18A	0	0	0
MIR19A	0	0	0
MIR20A	0	0	0
MIR19B-1	0	0	0
MIR92A-1	0	0	0
DCT	0	0	0
ABCC4	2914	1446	1468
DZIP1	2831	1432	1399
SLC15A1	0	0	0
BIVM	435	208	227
SLC10A2	0	0	0
EFNB2	28	13	15
TNFSF13B	4	0	4
F7	0	0	0
LOC403829	216	109	107
ATP4B	4	3	1
MIR8807	1	1	0
MIR138A	0	0	0
GLB1	2074	1046	1028
CCR4	0	0	0
MIR128-2	0	0	0
MIR26A-1	0	0	0
SCN5A	1	0	1
SCN10A	0	0	0
CX3CR1	5	3	2
RPSA	3345	1607	1738
RPL14	1485	748	737
CTNNB1	7889	3969	3920
GTDC2	202	113	89
MIR8806	3	1	2
RAB5A	712	385	327
SLCO2A1	2	2	0
CPB1	0	0	0
SELT	2516	1279	1237
P2RY12	0	0	0
P2RY1	11	6	5
MME	799	405	394
MIR8808	0	0	0
THBD	278	142	136
RRBP1	12496	6391	6105
SNRPB2	346	151	195
SLC23A2	372	186	186
PRNP	408	220	188
MIR103-2	1	0	1
MAVS	465	253	212
AVP	0	0	0
DEFB132	0	0	0
DEFB129	0	0	0
DEFB128	0	0	0
DEFB127	0	0	0
DEFB122	0	0	0
DEFB126	0	0	0
DEFB116	0	0	0
CBD118	0	0	0
DEFB119	0	0	0
DEFB3L	0	0	0
DEFB124	2	2	0
BCL2L1	461	240	221
POFUT1	855	436	419
MAPRE1	376	202	174
RALY	1992	1035	957
ASIP	0	0	0
DYNLRB1	1072	526	546
MIR499	0	0	0
CPNE1	2711	1336	1375
RBM12	1270	614	656
MYL9	3305	1674	1631
GHRH	0	0	0
PI3	12	6	6
SLPI	1	1	0
WFDC2	0	0	0
CE10	0	0	0
CTSA	1409	717	692
MMP9	0	0	0
CD40	78	47	31
AR	245	132	113
SULF2	2038	998	1040
IL29L	0	0	0
UBE2V1	1521	738	783
MC3R	0	0	0
BMP7	116	67	49
PCK1	0	0	0
RAB22A	423	231	192
GNAS	15042	7559	7483
EDN3	0	0	0
MIR1-1	0	0	0
MIR133C	0	0	0
COL9A3	9	6	3
MIR124-2	0	0	0
MIR124-3	0	0	0
MIR8809	91	51	40
BRCA2	591	290	301
RXFP2	0	0	0
HMGB1	7013	3555	3458
MIR8825	19	8	11
SLC7A1	1033	509	524
FLT3	722	393	329
PDX1	0	0	0
RPL21	1736	908	828
SGCG	0	0	0
SAP18	608	322	286
GJB2	205	106	99
MPHOSPH8	535	276	259
PARP4	1717	896	821
MIR8824	53	26	27
MIR8864-2	0	0	0
CLCN3	1591	792	799
HPGD	2	0	2
GATA4	69	32	37
MIR8820	0	0	0
MIR124-1	0	0	0
MIR8821	11	6	5
CLU	34903	17520	17383
ADRA1A	0	0	0
MIR320	0	0	0
COL4A4	0	0	0
CCL20	0	0	0
HTR2B	7	2	5
PTMA	14369	7018	7351
PDE6D	498	230	268
EIF4E2	210	114	96
SAG	0	0	0
UGT1A6	0	0	0
MIR8823	0	0	0
TRPM8	11	7	4
ACKR3	0	0	0
COL6A3	675	331	344
MLPH	0	0	0
MIR8822	22	10	12
cOR9S7P	0	0	0
COR9S5	0	0	0
MIR149	0	0	0
KIF1A	504	265	239
STK25	462	232	230
RAN	1879	986	893
TMEM132C	0	0	0
HCAR1	0	0	0
DIABLO	846	428	418
IL31	0	0	0
P2RX7	36	14	22
ATP2A2	4754	2392	2362
VPS29	712	355	357
PPP1CC	1278	647	631
MYL2	0	0	0
OAS1	5374	2703	2671
OAS3	3622	1730	1892
OAS2	5969	3004	2965
NOS1	0	0	0
PEBP1	2114	1073	1041
MIR8819	414	224	190
HSPB8	998	522	476
RPLP0	3318	1691	1627
PLA2G1B	0	0	0
OASL	2020	1084	936
TRPV4	250	133	117
SELPLG	0	0	0
CRYBB2	0	0	0
TFIP11	711	363	348
CRYBA4	16	1	15
EWSR1	1203	638	565
NEFH	1	0	1
LIF	107	55	52
GAL3ST1	0	0	0
SELM	482	249	233
SLC5A1	0	0	0
SPECC1L	1269	664	605
ADORA2A	423	222	201
MMP11	396	204	192
MIR8905	0	0	0
ZDHHC8	392	200	192
MIR1306	31	14	17
MIR185	0	0	0
COMT	1700	857	843
MIR301B	0	0	0
MIR130B	0	0	0
MAPK1	2492	1244	1248
PTEN	1797	925	872
LIPF	0	0	0
COR6C13	0	0	0
COR6C47	0	0	0
cOR9K3	0	0	0
MIR148B	0	0	0
MIR615	0	0	0
MIR196A-2	0	0	0
HOTAIR	0	0	0
PFDN5	953	496	457
KRT76	0	0	0
KRT1	0	0	0
KRT2	0	0	0
KRT71	0	0	0
NR4A1	91	53	38
CELA1	4	2	2
TMBIM6	6371	3237	3134
ADCY6	1032	536	496
LALBA	0	0	0
PFKM	1656	858	798
COL2A1	4	1	3
RAPGEF3	38	17	21
PTHLH	168	92	76
MRPS35	429	220	209
PPFIBP1	2263	1178	1085
STK38L	661	334	327
MED21	183	86	97
FGFR1OP2	325	145	180
ASUN	548	284	264
BHLHE41	1500	766	734
LDHB	1214	611	603
IAPP	0	0	0
SLCO1B3	0	0	0
GRIN2B	0	0	0
CDKN1B	672	316	356
TAS2R42	0	0	0
CAFA-T2R67	0	0	0
CAFA-T2R43	0	0	0
CAFA-T2R12	0	0	0
TAS2R10	0	0	0
TAS2R7	0	0	0
CSDA	1979	938	1041
KLRA1	5	2	3
KLRD1	0	0	0
AICDA	0	0	0
SLC2A3	1285	639	646
CD163	1	0	1
MIR141	0	0	0
MIR200C	0	0	0
TPI1	10108	5086	5022
GNB3	0	0	0
CD4	0	0	0
GAPDH	26665	14158	12507
VWF	1	1	0
KCNA5	3	2	1
SLC6A12	315	160	155
MAPK3	1048	558	490
BID	1589	820	769
FYTTD1	657	337	320
ZFAND4	406	212	194
ALOX5	1	0	1
COR6D7	0	0	0
CXCL12	0	0	0
RET	25	13	12
MIR107	0	0	0
MIR8815-2	0	0	0
MIR8815-1	0	0	0
O3FAR1	0	0	0
PLCE1	1271	653	618
CYP2C18	43	17	26
GOT1	287	137	150
ABCC2	0	0	0
KCNIP2	17	10	7
MIR146B	0	0	0
ACTR1A	2138	1083	1055
MIR1307	0	0	0
MIR8816	0	0	0
ADRB1	1	1	0
PNLIPRP1	0	0	0
PRDX3	1693	855	838
MCMBP	429	210	219
FGFR2	618	297	321
MIR8817	0	0	0
MGMT	0	0	0
INPP5A	979	502	477
MIR202	0	0	0
CYP2E1	0	0	0
MIR8818	0	0	0
PRKDC	2094	1080	1014
UBE2V2	392	207	185
SNAI2	607	294	313
RP1	0	0	0
RAB2A	1682	919	763
ASPH	910	467	443
CRH	1	1	0
SGK3	449	232	217
C29H8orf34	1	1	0
SULF1	6240	3198	3042
TRAM1	2415	1214	1201
KCNB2	0	0	0
RPL7	6625	3470	3155
IL7	0	0	0
HEY1	5	5	0
MIR8799B	0	0	0
CA1	0	0	0
CA3	0	0	0
CA2	205	103	102
CNGB3	0	0	0
SRP19	111	58	53
FER	444	224	220
ARSK	506	266	240
MIR9-2	0	0	0
CKMT2	4	1	3
ARSB	638	326	312
AP3B1	3413	1683	1730
F2RL1	86	45	41
MIR8901	0	0	0
COR6C40	0	0	0
MIR8799G	0	0	0
MIR211	0	0	0
TJP1	4921	2463	2458
VIMP	975	492	483
ST8SIA2	0	0	0
MIR7-2	0	0	0
ACAN	70	40	30
MIR9-3	0	0	0
RHCG	1	0	1
ANPEP	322	160	162
AP3S2	522	224	298
ARPIN	1011	537	474
SEC11A	1929	1006	923
RPS17	5820	2941	2879
MIR1839	0	0	0
MIR8898	37	15	22
MIR184	0	0	0
MIR8900	0	0	0
MIR95	0	0	0
HGFAC	31	16	15
CD38	3	1	2
ZNF518B	933	479	454
WDR1	7198	3930	3268
SLC2A9	2	1	1
RBM47	1	1	0
MIR574	1	0	1
TLR1	26	14	12
TLR10	0	0	0
CAR1	2	0	2
CCKAR	0	0	0
SMIM20	1179	636	543
MIR218-1	0	0	0
TMED11	0	0	0
PDE6B	0	0	0
MIR8899	0	0	0
MIR8792	0	0	0
SRP14	638	323	315
RAD51	306	168	138
JMJD7	157	77	80
PLA2G4B	26	18	8
SERF2	741	339	402
B2M	3367	7557	7227
DUOX1	1	0	1
GATM	55	24	31
MIR147	18	13	5
FBN1	25455	12534	12921
FGF7	0	0	0
MIR8791A	0	0	0
CYP19A1	0	0	0
RAB27A	526	286	240
MIR628	1	0	1
ALDH1A2	0	0	0
LIPC	1279	628	651
ANXA2	20453	10302	10151
MIR190A	0	0	0
OAZ2	1924	934	990
RAB11A	1519	756	763
MAP2K1	920	436	484
RPL4	5153	2626	2527
SMAD3	370	197	173
CLN6	328	160	168
ANP32A	1318	646	672
NOX5	0	0	0
UACA	1280	679	601
CYP1A2	0	0	0
COX5A	264	141	123
MIR631	9	4	5
POU1F1	0	0	0
MIR99A-1	0	0	0
MIRLET7C	0	0	0
MIR125B-2	0	0	0
MIR155	23	14	9
APP	41564	21079	20485
SOD1	1504	731	773
SYNJ1	1120	573	547
C31H21orf62	0	0	0
SLC5A3	109	60	49
KCNE2	0	0	0
MIR802	0	0	0
MX2	1085	558	527
MX1	11129	5540	5589
TFF3	0	0	0
TFF2	0	0	0
TFF1	0	0	0
UBASH3A	0	0	0
CRYAA	0	0	0
CXCL10	646	281	365
FGF5	45	17	28
ABCG2	758	378	380
PIGY	0	0	0
PYURF	0	0	0
HPGDS	0	0	0
BMPR1B	70	37	33
ADH5	281	148	133
H2AFZ	3491	1761	1730
PPP3CA	1188	622	566
NFKB1	1713	831	882
TACR3	0	0	0
OSTC	191	99	92
EGF	0	0	0
MIR367	0	0	0
MIR302D	4	1	3
MIR302A	0	0	0
MIR302C	0	0	0
MIR302B	0	0	0
ARSJ	691	361	330
PDE5A	8	6	2
NFKBIZ	608	312	296
CD47	1744	845	899
MIR568	6	4	2
CD80	37	22	15
COX17	245	119	126
MIR6529	0	0	0
IQCB1	269	123	146
CD86	0	0	0
CASR	0	0	0
ADCY5	104	54	50
TFRC	3142	1629	1513
MIR8789	0	0	0
TAS2R1	0	0	0
SRD5A1	189	96	93
SLC6A3	0	0	0
TERT	10	6	4
MIR8790	0	0	0
ABCC5	498	264	234
AP2M1	5554	2785	2769
CRYGS	4	2	2
ADIPOQ	0	0	0
SST	0	0	0
BCL6	527	270	257
MIR28	0	0	0
IL12A	93	50	43
MIR15B	0	0	0
MIR16-2	0	0	0
MIR551B	0	0	0
GHSR	0	0	0
TNFSF10	1085	558	527
SSR1	5100	2643	2457
EDN1	11	4	7
NHLRC1	6	4	2
TPMT	341	170	171
CDKAL1	284	153	131
PRL	0	0	0
GPX6	0	0	0
GPX5	0	0	0
MIR8797	0	0	0
GCG	0	0	0
ABCB11	1	0	1
GAD1	0	0	0
CHRNA1	6	2	4
MIR10B	2	1	1
MIR8796	0	0	0
PDE1A	56	24	32
ZC3H15	1697	857	840
TFPI	0	0	0
MSTN	0	0	0
AOX4	0	0	0
AOX2	0	0	0
CASP8	415	208	207
SUMO1	411	201	210
CD28	0	0	0
CTLA4	1	1	0
ICOS	0	0	0
CRYGD	0	0	0
CRYGC	0	0	0
CRYGB	0	0	0
CRYGA	0	0	0
PECR	170	90	80
CXCR2	0	0	0
AAMP	627	312	315
SLC11A1	139	79	60
MIR26B	0	0	0
MIR375	0	0	0
MIR1840	0	0	0
DES	15	9	6
SPEG	168	85	83
SLC4A3	249	117	132
MIR8795	0	0	0
CLN8	108	46	62
OPTC	122	62	60
REN	0	0	0
DSTYK	274	135	139
MIR135B	0	0	0
EIF2D	703	373	330
CDC73	501	262	239
MIR215	1	1	0
MIR194	0	0	0
MIR664	0	0	0
MIR8798	28	17	11
MGST3	485	230	255
FCER1G	0	0	0
SLAMF1	0	0	0
SLAMF9	255	131	124
FCER1A	0	0	0
CD1B	0	0	0
CD1C	0	0	0
CD1A6	0	0	0
TLR5	107	60	47
LGALS8	1435	755	680
MIR1841	62	29	33
MIR1296	1	1	0
TACR2	0	0	0
PRF1	0	0	0
MYOZ1	14	9	5
PLAU	1120	582	538
AP3M1	1594	804	790
KCNMA1	0	0	0
RPS24	1454	750	704
MIR346	0	0	0
BMPR1A	1150	567	583
LMAN2	2527	1301	1226
MIR1271	0	0	0
HRH2	1	1	0
MSX2	30	13	17
NKX2-5	2	1	1
ATP6V0E1	1170	577	593
NPM1	3979	2028	1951
KCNMB1	16	8	8
MIR218-2	0	0	0
MIR103-1	0	0	0
MIR146A	0	0	0
MIR8902	0	0	0
ADRA1B	66	28	38
IL12B	2	2	0
MED7	251	114	137
HAVCR2	33	7	26
HAVCR1	9	2	7
ATOX1	665	340	325
GPX3	1	0	1
RPS14	6018	2903	3115
TCOF1	629	334	295
ARSI	0	0	0
PDGFRB	2068	1036	1032
PDE6A	1	1	0
MIR378	0	0	0
MIR145	0	0	0
MIR143	1	0	1
ADRB2	0	0	0
CCL28	0	0	0
SEPP1	91	45	46
GHR	426	212	214
RPL37	624	300	324
PTGER4	325	159	166
LIFR	738	358	380
SLC1A3	561	289	272
SLC45A2	19	11	8
MIR8903	33	15	18
ZNF622	165	85	80
B3GAT1	0	0	0
MIR8868	1	0	1
MIR99A-2	1	1	0
MIRLET7A-2	0	0	0
MIR125B-1	0	0	0
PVRL1	891	471	420
THY1	8655	4344	4311
SLC37A4	368	204	164
CD3E	0	0	0
FXYD6	4	2	2
FXYD2	0	0	0
BACE1	1620	791	829
MIR8871	221	103	118
APOC3	0	0	0
HTR3A	0	0	0
DRD2	0	0	0
NCAM1	0	0	0
IL18	0	0	0
MIR34C	0	0	0
MIR34B	0	0	0
ATM	874	435	439
CASP4	0	0	0
CASP12	5	2	3
MMP12	0	0	0
MMP3	18	12	6
MMP7	0	0	0
BIRC2	833	419	414
BIRC3	252	131	121
TEKT1	8	7	1
MIR8870	0	0	0
GP1BA	0	0	0
MIR195	0	0	0
MIR497	0	0	0
MIR324	6	1	5
SLC2A4	46	22	24
ZBTB4	1174	626	548
TNFSF12	111	42	69
TNFSF13	12	5	7
EIF4A1	3367	1653	1714
TP53	161	77	84
MIR8867	19	12	7
GUCY2D	0	0	0
RPL26	1364	680	684
RCVRN	0	0	0
MYH8	0	0	0
MYH4	0	0	0
MYH1	0	0	0
MYH2	0	0	0
MYH3	0	0	0
TVP23B	927	476	451
ADORA2B	187	104	83
ALDH3A1	0	0	0
MIR8872	15	6	9
SREBF1	2957	1523	1434
MIR33B	1	0	1
FLCN	631	327	304
KCNJ12	29	11	18
MIR8869	4	3	1
IL12RB2	14	9	5
LEPR	2699	1393	1306
LOC609115	1880	983	897
MIR101-1	0	0	0
JAK1	6515	3241	3274
FAM151A	56	32	24
DIO1	7	1	6
SLC1A7	5	3	2
MIR200B	0	0	0
MIR200A	0	0	0
MIR429	0	0	0
TNFRSF18	0	0	0
B3GALT6	126	57	69
TAS1R3	1	0	1
SSU72	723	357	366
GNB1	7116	3637	3479
MIR8866	0	0	0
TNFRSF14	393	190	203
MIR551A	0	0	0
NPHP4	556	295	261
SCAMPER	96	42	54
CA6	0	0	0
MIR34A	1	1	0
MC1R	1	0	1
GALNS	438	226	212
CYBA	1800	861	939
SLC7A5	1631	817	814
CFDP1	2803	1385	1418
LOC479649	4	3	1
CHST4	0	0	0
WWP2	1331	707	624
MIR140	0	0	0
NIP7	969	523	446
CDH1	202	106	96
PLA2G15	530	285	245
SLC12A4	5199	2646	2553
MIR328	1	0	1
HSF4	184	100	84
CMTM1	0	0	0
CKLF	0	0	0
GUSB	1841	900	941
MIR2387	0	0	0
MIR590	0	0	0
CLDN3	0	0	0
CCL26	0	0	0
CCL24	3	2	1
POR	1103	562	541
HSPB1	3387	1730	1657
ZP3	0	0	0
SERPINE1	3204	1626	1578
EPO	0	0	0
MIR106B	1	0	1
MIR93	5	3	2
MIR25	1	1	0
AZGP1	0	0	0
CYP3A26	0	0	0
CYP3A12	1	1	0
EIF2AK1	894	423	471
RAC1	3414	1709	1705
ACTB	17556	9384	8172
MIR589	0	0	0
MIR8873A	0	0	0
MIR8876	41	25	16
MIR8879	0	0	0
MIR339-1	2	2	0
PDGFA	335	161	174
SLC5A2	382	184	198
ITGAD	0	0	0
CTF1	30	19	11
C6H16orf93	39	26	13
TMEM265	85	38	47
SEPHS2	1852	915	937
MVP	4015	2060	1955
SULT1A1	1971	1017	954
CLN3	390	207	183
C6H16orf82	0	0	0
MIR8875	0	0	0
MIR8878	0	0	0
ZP2	0	0	0
UMOD	0	0	0
GP2	0	0	0
RPS15A	7862	4095	3767
XYLT1	76	33	43
ABCC1	963	508	455
NDE1	388	183	205
MIR365-1	3	2	1
MIR193B	0	0	0
MIR8874	0	0	0
PRM2	0	0	0
TNP2	0	0	0
PAM16	406	211	195
DNASE1	26	13	13
TNFRSF12A	717	374	343
MIR1842	16	7	9
PKD1	2416	1244	1172
SLC9A3R2	478	230	248
SEPX1	114	63	51
LOC448801	0	0	0
LOC100049001	0	0	0
SSTR5	0	0	0
MIR8877	7	1	6
HAGHL	156	75	81
LOC100855540	0	0	0
LOC100855558	2	1	1
MIR8799F	0	0	0
PGB	0	0	0
MIR8799E-1	0	0	0
MIR8799E-2	0	0	0
KCNA2	0	0	0
MIR197	23	13	10
TAF13	78	40	38
VCAM1	10456	5274	5182
SLC35A3	417	219	198
AGL	2326	1224	1102
MIR137	0	0	0
F3	1076	554	522
ABCA4	75	39	36
GFI1	4	2	2
SEP15	4286	2165	2121
UOX	0	0	0
LPHN2	2	1	1
PTGFR	48	24	24
ASB17	0	0	0
CRYZ	67	34	33
TNNI3K	3	2	1
FPGT	253	134	119
MIR186	1	1	0
PTGER3	0	0	0
RPE65	0	0	0
CHI3L1	0	0	0
ADORA1	19	13	6
CYB5R1	629	332	297
PKP1	0	0	0
TNNT2	2	0	2
MIR181A-1	0	0	0
MIR181B-1	1	1	0
ASPM	1373	729	644
IL10	0	0	0
PIGR	0	0	0
MIR29C-1	0	0	0
MIR29C-2	0	0	0
MIR29B-2	0	0	0
CD34	0	0	0
MIR205	0	0	0
HSD11B1	0	0	0
TRAF5	223	103	120
XPR1	686	340	346
GLUL	1727	887	840
CE9	0	0	0
RNASEL	1640	821	819
LAMC2	19	7	12
NCF2	0	0	0
PDC	0	0	0
PTGS2	59	24	35
ANGPTL1	18	4	14
MIR488	0	0	0
MIR1843	0	0	0
FASLG	0	0	0
MIR199-2	11	3	8
MIR214	45	23	22
MYOC	0	0	0
FMO1	0	0	0
FMO3	268	143	125
SELE	17	8	9
SELP	0	0	0
DPT	924	485	439
TBX19	1	1	0
ADCY10	0	0	0
KMO	1	0	1
MIR350	0	0	0
MIR7180	0	0	0
MIR8881	2	1	1
PSEN2	213	113	100
TMEM63A	770	363	407
CD5L	0	0	0
BCAN	0	0	0
MIR9-1	0	0	0
RHBG	2	1	1
SSR2	3247	1547	1700
LMNA	9032	4517	4515
ARHGEF2	2483	1207	1276
PKLR	4	0	4
MIR92B	0	0	0
MUC1	140	67	73
KRTCAP2	925	439	486
MIR190B	0	0	0
TPM3	1433	729	704
RPS27	1914	1083	831
S100A4	5950	2915	3035
S100A8	3	3	0
ATP5A1	6262	3238	3024
PIK3C3	691	354	337
SLC39A6	1199	614	585
MIR187	0	0	0
DSG3	0	0	0
DSG1	0	0	0
CDH2	1605	759	846
CABYR	146	60	86
NPC1	3210	1589	1621
MIR1-2	0	0	0
MIR133A	0	0	0
SNRPD1	966	474	492
CLUL1	0	0	0
TYMS	1997	1023	974
LOC403581	6784	3287	3497
MIR8865	2	1	1
SLC7A8	1	0	1
BCL2L2	171	79	92
PABPN1	836	438	398
MYH7	8	3	5
MIR208A	0	0	0
MIR208B	0	0	0
DHRS4	572	294	278
TGM1	16	12	4
CMA1	3	2	1
SRP54	2302	1150	1152
SSTR1	0	0	0
PNN	1342	675	667
RN7SL1	0	0	0
PYGL	523	261	262
PTGER2	40	22	18
BMP4	754	372	382
LGALS3	2538	1331	1207
MIR8883	60	40	20
HIF1A	5617	2886	2731
ZBTB1	1124	583	541
SPTB	12	7	5
GPX2	1	0	1
FUT8	1117	562	555
ARG2	967	533	434
COX16	66	37	29
SYNJ2BP	635	321	314
PSEN1	1260	661	599
NPC2	1761	885	876
ACYP1	43	24	19
NGB	0	0	0
DIO2	11	5	6
TSHR	0	0	0
MIR8884	0	0	0
GALC	170	87	83
TTC8	144	67	77
PSMC1	1678	853	825
SERPINA1	0	0	0
BDKRB2	119	64	55
BDKRB1	2	1	1
MIR342	0	0	0
MIR345	0	0	0
MIR493	0	0	0
MIR665	0	0	0
MIR433	0	0	0
MIR127	0	0	0
MIR432	0	0	0
MIR136	0	0	0
MIR370	0	0	0
MIR379	0	0	0
MIR411	0	0	0
MIR299	0	0	0
MIR380	0	0	0
MIR323	0	0	0
MIR758	0	0	0
MIR329B	0	0	0
MIR329A	0	0	0
MIR494	0	0	0
MIR543	0	0	0
MIR495	0	0	0
MIR3958	0	0	0
MIR376A-3	0	0	0
MIR376C	0	0	0
MIR376A-2	0	0	0
MIR376B	0	0	0
MIR376A-1	0	0	0
MIR300	0	0	0
MIR1185	0	0	0
MIR381	0	0	0
MIR487B	0	0	0
MIR539	0	0	0
MIR889	0	0	0
MIR544	0	0	0
MIR487A	0	0	0
MIR382	0	0	0
MIR134	0	0	0
MIR485	0	0	0
MIR496	0	0	0
MIR377	0	0	0
MIR409	0	0	0
MIR369	0	0	0
MIR410	0	0	0
DIO3	9	4	5
AMN	4	1	3
MIR8882	0	0	0
MIR203	0	0	0
HGS	817	419	398
PDE6G	0	0	0
ACTG1	50070	25388	24682
MIR338	0	0	0
SGSH	491	229	262
TIMP2	1331	668	663
SOCS3	415	217	198
BIRC5	708	361	347
SYNGR2	850	417	433
MIR6516	0	0	0
ST6GALNAC1	0	0	0
ST6GALNAC2	156	64	92
PRCD	0	0	0
CYGB	0	0	0
RHBDF2	129	63	66
AANAT	0	0	0
MIR8886	1	0	1
ZACN	1	1	0
SRP68	1700	845	855
UNK	739	370	369
GALK1	814	409	405
SUMO2	2428	1267	1161
HN1	508	252	256
SSTR2	8	5	3
SOX9	41	16	25
ITGB3	1332	669	663
MIR8885	60	28	32
MAPT	6	2	4
GH1	0	0	0
DDX5	11202	5736	5466
APOH	0	0	0
ARSG	14	5	9
KCNJ2	7	2	5
GJC1	383	180	203
ITGA2B	26	16	10
SLC4A1	0	0	0
BRCA1	636	328	308
RPL27	3400	1672	1728
G6PC	0	0	0
CCDC56	301	151	150
TUBG1	665	340	325
HCRT	0	0	0
RAB5C	1085	546	539
JUP	3783	1874	1909
EIF1	6086	3077	3009
KRT14	0	0	0
KRT9	0	0	0
KRT19	0	0	0
KRT15	0	0	0
KRT12	2	2	0
KRT10	158	83	75
MIR8888	0	0	0
RARA	533	259	274
THRA	552	303	249
ERBB2	1318	698	620
PGAP3	112	47	65
TCAP	50	27	23
RPL23	1189	586	603
PSMB3	847	410	437
MIR152	0	0	0
MIR10A	0	0	0
MIR196A-1	0	0	0
GNGT2	0	0	0
PHB	826	416	410
COL1A1	235132	116570	118562
XYLT2	444	217	227
NME1	632	306	326
NME2	2840	1409	1431
MIR1844	0	0	0
MIR142	0	0	0
MIR454	4	0	4
MIR301A	0	0	0
MIR21	0	0	0
TUBD1	144	80	64
TBX4	0	0	0
TBX2	27	14	13
CCL4	0	0	0
CCL3	0	0	0
LOC480600	0	0	0
CCL5	29	13	16
CCL1	0	0	0
CCL13	0	0	0
CCL8	0	0	0
CCL7	7	6	1
CCL2	4679	2500	2179
SPACA3	0	0	0
MIR632	144	74	70
MIR365-2	9	4	5
MIR193A	0	0	0
LGALS9	5643	2805	2838
NOS2	156	89	67
POLDIP2	2195	1062	1133
ALDOC	3075	1534	1541
MIR451	0	0	0
MIR144	0	0	0
CRYBA1	2	1	1
MIR423A	1	0	1
SLC6A4	0	0	0
MIR22	1	0	1
SERPINF1	3397	1720	1677
MIR132	0	0	0
MIR212	0	0	0
COR1A3	0	0	0
GNG10	627	328	299
OR1E2	0	0	0
TRPV1	17	8	9
MIR8889	0	0	0
GRIN1	2	2	0
FUT7	1	1	0
PTGDS	16	10	6
MIR126	0	0	0
LHX3	0	0	0
LCN1	0	0	0
ABO	28	14	14
RPL7A	10209	5216	4993
ADAMTS13	12	9	3
DBH	0	0	0
GBGT1	1233	627	606
PTGES	90	49	41
MIR8887	44	25	19
MIR219-2	0	0	0
DNM1	10	4	6
MIR199-3	0	0	0
PTGES2	167	81	86
AK1	559	291	268
RPL12	6430	3233	3197
SLC2A8	470	232	238
MIR181B-2	2	1	1
MIR181A-2	2	2	0
PSMB7	2141	1108	1033
PTGS1	0	0	0
GGTA1	4633	2262	2371
SHOX	0	0	0
ARSE	338	174	164
ARSH	2	1	1
OBP	0	0	0
TLR7	0	0	0
RAB9A	1107	560	547
ACE2	0	0	0
ARX	8	7	1
LOC491788	0	0	0
MAGEB10	0	0	0
DMD	533	273	260
TMEM47	1359	716	643
CYBB	7	4	3
DYNLT3	638	332	306
RPGR	127	54	73
MAOA	0	0	0
MAOB	0	0	0
KDM6A	1176	551	625
MIR221	2	1	1
MIR222	0	0	0
USP11	2525	1333	1192
TIMP1	3514	1749	1765
SLC35A2	353	184	169
FOXP3	6	4	2
MIR532	0	0	0
MIR188	0	0	0
MIR500	0	0	0
MIR362	0	0	0
MIR660	0	0	0
MIR502	0	0	0
CCNB3	225	113	112
MIR8791B	0	0	0
KDM5C	3083	1518	1565
MIR98	0	0	0
MIR8834B	0	0	0
MIR1468	0	0	0
MIR223	0	0	0
EDA	5	0	5
MIR676	0	0	0
IL2RG	2	1	1
CXCR3	0	0	0
RPS4X	8196	4116	4080
MIR421	5	2	3
MIR374B	14	9	5
MIR545	0	0	0
MIR374A	0	0	0
MIR384	0	0	0
MIR325	0	0	0
MIR361	0	0	0
MIRLET7J	0	0	0
TIMM8A	133	58	75
BEX4	83	47	36
MIR8904A	0	0	0
PLP1	0	0	0
CLDN2	0	0	0
COL4A5	42	17	25
MIR652	0	0	0
MIR764	0	0	0
HTR2C	0	0	0
MIR448	0	0	0
IL13RA2	5	3	2
PGRMC1	2621	1304	1317
LOC403555	133	59	74
MIR8904B	0	0	0
XIAP	266	134	132
MIR2483	0	0	0
SLC25A14	117	49	68
MIR363	0	0	0
MIR92A-2	0	0	0
MIR19B-2	0	0	0
MIR20B	0	0	0
MIR18B	0	0	0
MIR106A	0	0	0
HPRT1	1114	578	536
MIR450B	0	0	0
MIR450A	0	0	0
MIR542	0	0	0
MIR503	0	0	0
MIR424	0	0	0
HTATSF1	1253	617	636
CD40LG	1	0	1
MIR504	0	0	0
F9	0	0	0
MIR505	0	0	0
MIR8908C	0	0	0
MIR8908E	0	0	0
MIR8908B	0	0	0
MIR8908D-2	0	0	0
MIR8908A-4	0	0	0
MIR8908A-1	0	0	0
MIR8908D-3	0	0	0
MIR8908A-2	0	0	0
MIR8908D-1	0	0	0
MIR8908A-3	0	0	0
MIR8908F	0	0	0
MIR506	0	0	0
MIR507A	0	0	0
MIR508A	0	0	0
MIR508B	0	0	0
MIR507B	0	0	0
MIR514	0	0	0
IDS	1260	634	626
MIR2114	0	0	0
VMA21	59	30	29
MIR224	0	0	0
MIR452	0	0	0
MIR105A	0	0	0
MIR105B	0	0	0
BGN	8163	4120	4043
SSR4	1065	503	562
AVPR2	0	0	0
MIR718	0	0	0
OPN1LW	0	0	0
GDI1	2367	1271	1096
MPP1	604	295	309
F8	0	0	0
FUNDC2	303	151	152
CLIC2	459	232	227
