N_unmapped	911725	911725	911725
N_multimapping	673015	673015	673015
N_noFeature	14025320	14917666	14927418
N_ambiguous	16246	3128	3017
CYB5A	568	282	286
BCL2	89	55	34
PPIAP1	0	0	0
CDH20	0	0	0
MC4R	0	0	0
PMAIP1	54	30	24
SEC11C	297	5109	5267
MIR122	0	0	0
TCF4	682	337	345
VNN1	13	6	7
TBPL1	45	25	20
UTRN	11114	5685	5429
PPIL4	370	176	194
LATS1	461	230	231
ESR1	9	4	5
MIR8873B	0	0	0
NOX3	0	0	0
EZR	4884	2512	2372
MIR1836	4	2	2
MAS1	0	0	0
IGF2R	7371	3636	3735
SLC22A2	0	0	0
PLG	0	0	0
QKI	1337	646	691
T	0	0	0
SMOC2	22	13	9
THBS2	203	109	94
PLN	0	0	0
GJA1	1872	985	887
TRDN	0	0	0
ARHGAP18	417	231	186
MIR24-1	0	0	0
MIR27B	0	0	0
MIR23B	0	0	0
DAPK1	300	137	163
HNRNPK	8794	4404	4390
MIR7-1	3	1	2
GNAQ	391	202	189
ANXA1	13154	6654	6500
ALDH1A1	0	0	0
MIR204	0	0	0
TJP2	2919	1493	1426
FXN	52	30	22
VLDLR	1768	834	934
SLC1A1	119	56	63
MIR101-2	0	0	0
RLN1	0	0	0
CD274	41	18	23
MIRLET7D	4	2	2
MIRLET7F	0	0	0
MIR8893	0	0	0
UBE2S	606	302	304
TNNI3	52	30	22
NCR1	0	0	0
PRPF31	552	273	279
MIR371	0	0	0
ZNF331	197	97	100
VN1R4	0	0	0
MIR8891	5	3	2
MIR125A	0	0	0
MIRLET7E	0	0	0
MIR99B	0	0	0
KLK14	1	1	0
KLK10	0	0	0
KLK9	0	0	0
KLK8	0	0	0
KLK7	0	0	0
KLK6	0	0	0
KLK5	0	0	0
KLK4	0	0	0
KLK2	0	0	0
KLK1	0	0	0
MIR150	0	0	0
FLT3LG	64	33	31
MIR8890	2	1	1
NTF4	28	15	13
LHB	3	1	2
FTL	5195	2891	2304
BAX	199	94	105
DHDH	68	32	36
HSD17B14	58	29	29
RPL18	3303	1606	1697
ELSPBP1	0	0	0
CRX	0	0	0
SEPW1	1404	678	726
C5AR1	0	0	0
ARHGAP35	2267	1106	1161
SLC1A5	1461	739	722
MIR769	1	0	1
SNRPD2	927	434	493
MIR330	0	0	0
VASP	1634	829	805
FOSB	133	61	72
APOC2	0	0	0
APOC1	0	0	0
CEACAM16	5	2	3
LOC476445	7	2	5
XRCC1	824	437	387
CEACAM23	0	0	0
CEACAM24	0	0	0
CAECAM1	18	8	10
CEACAM28	16	6	10
CEACAM30	0	0	0
CEACAM1	63	29	34
GRIK5	14	8	6
RABAC1	2011	989	1022
TGFB1	435	223	212
CYP2B6	0	0	0
CYP2A7	0	0	0
CYP2A13	0	0	0
RAB4B	217	112	105
MIR8892	11	5	6
AKT2	463	226	237
LGALS4	0	0	0
SPINT2	649	323	326
TYROBP	11	6	5
PSENEN	575	270	305
ATP4A	0	0	0
KRTDAP	0	0	0
HAMP	1	0	1
FXYD1	384	182	202
SCN1B	23	7	16
RHPN2	83	35	48
SLC7A9	0	0	0
MIR578	0	0	0
PMEL	40	21	19
MIP	0	0	0
NACA	2296	1162	1134
TAC3	0	0	0
MIR26A-2	0	0	0
AVPR1A	0	0	0
IFNG	0	0	0
MDM2	1280	637	643
LYZ	0	0	0
TPH2	0	0	0
ARSA	1311	629	682
SELO	374	205	169
PPARA	18	9	9
MIRLET7B	0	0	0
MIRLET7A-1	0	0	0
MIR1249	11	5	6
ARHGAP8	0	0	0
PRR5	17	6	11
CYB5R3	1449	750	699
MIR8829	0	0	0
CYP2D15	0	0	0
MIR33A	0	0	0
ST13	1804	906	898
MCHR1	0	0	0
RPL3	5631	2846	2785
PDGFB	36	20	16
EIF3L	399	208	191
LGALS1	5333	2601	2732
LGALS2	69	34	35
MIR8828	0	0	0
MIR1835	0	0	0
SSTR3	0	0	0
IL2RB	0	0	0
MIR8827	0	0	0
MYH9	24121	11964	12157
HMOX1	232	115	117
TIMP3	1146	612	534
TXNRD1	2535	1286	1249
MIR8799C	0	0	0
MIR8826	0	0	0
RFX8	0	0	0
UBE2N	75	42	33
RPL31	511	277	234
CNGA3	0	0	0
COX5B	955	482	473
THADA	352	158	194
SLC3A1	145	66	79
STON1	260	126	134
GTF2A1L	0	0	0
ASB3	583	301	282
RPS27A	4865	2544	2321
MIR217	0	0	0
MIR216A	0	0	0
MIR216B	0	0	0
COMMD1	716	382	334
RAB1A	1877	944	933
PLEK	3	1	2
ANXA4	1777	879	898
SNRPG	148	72	76
MIR340	0	0	0
CANX	17688	8922	8766
PROP1	0	0	0
TICAM2	122	59	63
TMED7	1855	925	930
MIR8830-2	0	0	0
MIR8830-1	0	0	0
MIR8830-3	0	0	0
IL3	0	0	0
CSF2	2	0	2
IL5	12	4	8
IL13	0	0	0
IL4	0	0	0
GDF9	34	18	16
HSPA4	2682	1367	1315
SKP1	2048	1043	1005
PPP2CA	1522	769	753
MIR874	0	0	0
BTF3	1968	983	985
SLBP2	7	4	3
ETF1	243	125	118
MATR3	6057	3107	2950
MLANA	0	0	0
IL33	24	15	9
TYRP1	0	0	0
FTH1	4528	2343	2185
RPS6	6108	3133	2975
MIR491	0	0	0
IFNB1	0	0	0
IFNA5	0	0	0
IFNA8	0	0	0
IFNA6	0	0	0
IFNA7	0	0	0
MIR31	0	0	0
CDKN2B	114	46	68
MIR8831	0	0	0
MIR872	0	0	0
IFNK	1	0	1
MIR876	0	0	0
NDUFB6	265	134	131
APTX	209	97	112
DNAJA1	577	280	297
MIR207	0	0	0
CNTFR	19	5	14
CCL27	9	7	2
CCL19	0	0	0
CCL21	0	0	0
ARHGEF39	432	219	213
CA9	259	141	118
RECK	971	477	494
SEC61B	599	321	278
INVS	844	430	414
OR13F1	0	0	0
COR13C13	0	0	0
MIR32	2	0	2
AKAP2	277	141	136
DNAJC25	319	152	167
UGCG	469	238	231
HSDL2	517	255	262
SLC46A2	14	7	7
LOC481674	0	0	0
MIR455	0	0	0
TNC	3	1	2
TLR4	3	1	2
STOM	1361	664	697
RPP21	237	126	111
DLA88	1300	695	649
DLA-12	474	257	217
DLA-64	320	155	185
DDX39B	1990	1004	986
ATP6V1G2	1	0	1
NFKBIL1	118	59	59
TNF	15	7	8
LTB	5	1	4
LY6G5C	1	0	1
CLIC1	3837	1929	1908
HSP70	85	46	39
CYP21A2	74	35	39
AGER	29	21	8
DLA-DRA	0	0	0
HLA-DRB1	7	1	6
DLA-DQA1	2	2	0
DLA-DQB1	0	0	0
DLA-DOB	7	5	2
TAP2	2814	1413	1401
PSMB8	22	12	10
TAP1	3464	1764	1700
PSMB9	570	272	298
DLA-DMB	18	7	13
DLA-DMA	52	24	28
BRD2	3985	2020	1967
SLC39A7	5139	2534	2605
MIR219-1	1	0	1
RING1	620	325	295
VPS52	789	381	408
RPS18	4065	2086	1979
B3GALT4	140	65	75
PFDN6	296	165	131
TAPBP	10455	5302	5153
LOC481744	554	286	268
MIR8832	0	0	0
HMGA1	1347	712	635
NUDT3	411	198	213
RPS10	1729	869	860
FKBP1A	816	401	415
PPARD	823	427	396
RPL10A	2875	1375	1500
CLPS	0	0	0
MAPK14	715	328	387
PNPLA1	0	0	0
PIM1	214	113	101
TREM1	0	0	0
PRPH2	5	4	1
VEGFA	3226	1622	1604
SLC29A1	2598	1283	1315
SLC35B2	718	383	335
SLC25A27	161	87	74
PLA2G7	2313	1211	1102
RHAG	11	3	8
DEFB112	0	0	0
TFAP2B	24	9	15
MIR206	0	0	0
IL17A	0	0	0
GSTA4	641	332	309
FBXO9	649	340	309
HCRTR2	0	0	0
LGSN	0	0	0
SMAP1	371	188	183
B3GAT2	28	13	15
MIR30C-2	0	0	0
MIR30A	0	0	0
OOEP	0	0	0
EEF1A1	19027	9632	9395
MIR8835	796	443	353
HTR1B	173	82	91
MIR8834A-2	0	0	0
MIR8834A-1	0	0	0
SNAP91	32	17	15
CGA	4	1	3
SLC35A1	148	64	84
MIR8833	0	0	0
FUT9	0	0	0
MCHR2	0	0	0
FIG4	506	247	259
MIR599	0	0	0
MIR875	0	0	0
AZIN1	3994	2034	1960
FZD6	2948	1468	1480
ZFPM2	131	66	65
ANGPT1	516	277	239
MIR8836	0	0	0
EBAG9	546	255	291
ANXA13	17	8	9
MYC	328	162	166
TG	0	0	0
NDRG1	1523	763	760
MIR30B	0	0	0
MIR30D	0	0	0
MIR151	0	0	0
FAM83H	369	180	189
ZNF252	359	189	170
MIR8880	0	0	0
CNGA1	10	6	4
KIT	0	0	0
KDR	22	13	9
SRP72	3984	1999	1985
GNRHR	0	0	0
UGT2B31	0	0	0
SULT1B1	0	0	0
CSN2	0	0	0
ODAM	0	0	0
ALB	1	0	1
AFP	0	0	0
CXCL8	1231	604	627
PPBP	5	2	3
ARF1	844	432	412
COR2T18	0	0	0
AKR1B1	131	50	81
SLC35B4	251	131	120
PODXL	68	36	32
MIR29B-1	0	0	0
MIR29A	1	0	1
MIR335	0	0	0
MIR183	0	0	0
MIR96	0	0	0
MIR182	0	0	0
LEP	0	0	0
MIR129-1	0	0	0
MIR592	0	0	0
ABCB1	409	204	205
CALCR	0	0	0
MIR653	0	0	0
MIR489	0	0	0
GNGT1	0	0	0
COL1A2	136075	68131	67944
PEG10	1219	624	595
PON2	2242	1161	1081
MIR8841-1	0	0	0
MIR8841-2	0	0	0
CAFA-T2R2	0	0	0
CRSP-4	0	0	0
IL6	2	2	0
MYEOV2	254	123	131
CYCS	710	360	350
NPVF	0	0	0
MIR148A	0	0	0
MIR196B	4	1	3
HOXA10	83	44	39
PLEKHA8	463	252	211
AQP1	0	0	0
TES	1679	858	821
CAV2	1757	885	872
CAV1	2426	1208	1218
MET	4082	1990	2092
CAPZA2	1964	954	1010
CFTR	2	0	2
SLC2A1	1498	741	757
GUCA2A	0	0	0
MIR8839	1	1	0
EDN2	52	27	25
MIR30C-1	0	0	0
MIR30E	0	0	0
COL9A2	444	212	232
PPT1	1651	820	831
MYCBP	67	31	36
RSPO1	0	0	0
C15H16orf87	128	51	77
MIR761	6	4	2
CYP4X1	0	0	0
CYP4A37	0	0	0
CYP4A38	0	0	0
CYP4A11	0	0	0
AKR1A1	466	257	209
PRDX1	4865	2417	2448
COR11G5	0	0	0
COR11G9	0	0	0
RPPH1	2	1	1
APEX1	1524	742	782
MIR8838	0	0	0
KITLG	76	34	42
ATP2B1	2003	1024	979
DCN	6585	3386	3199
MIR8840	0	0	0
MIR331	0	0	0
MIR135A-2	0	0	0
MIR8837	0	0	0
PMCH	44	28	16
HSP90B1	28464	14339	14125
GYPA	0	0	0
EDNRA	29	12	17
TLR2	739	372	367
SFRP2	632	313	319
GUCY1A3	48	27	21
GUCY1B3	23	9	14
ETFDH	1357	684	673
NPY1R	14	5	9
NPY5R	19	8	11
MIR8862	0	0	0
MIR8852	0	0	0
MIR8853	0	0	0
MIR8793-3	0	0	0
MIR8793-2	0	0	0
MIR8793-1	0	0	0
cOR13M4	0	0	0
TAS2R41	0	0	0
CLCN1	9	2	7
CASP2	861	444	417
TAS2R40	6	2	4
TAS2R39	0	0	0
TAS2R38	0	0	0
TAS2R5	0	0	0
TAS2R3	0	0	0
SSBP1	121	67	54
HIPK2	441	225	216
LUC7L2	1161	610	551
C16H7orf55	61	27	34
MIR8794-2	0	0	0
MIR8794-1	0	0	0
MIR8907	2	0	2
MIR490	0	0	0
MTPN	686	343	343
MIR8847	0	0	0
MIR8906	1	0	1
MIR8849	1	0	1
MIR8863	1	0	1
SSPO	36	17	19
KCNH2	0	0	0
NOS3	0	0	0
FASTK	489	258	231
MIR671	90	46	44
MIR8855	0	0	0
MIR8850	0	0	0
MIR8851	0	0	0
MIR153	0	0	0
VDAC3	702	344	358
AP3M2	135	62	73
MIR486	0	0	0
MIR8854	60	21	39
MIR8799D	2	0	2
ADAM9	5442	2795	2647
STAR	0	0	0
ADRB3	0	0	0
FUT10	122	75	47
MBOAT4	0	0	0
LEPROTL1	581	277	304
MIR8856	11	5	6
MIR8848	2	0	2
DLC1	1612	854	758
MIR383	0	0	0
F11	3	2	1
KLKB1	4	3	1
CASP3	644	318	326
RWDD4	137	68	69
SPCS3	694	355	339
MCPH1	405	181	224
ANGPT2	0	0	0
DEFB1	0	0	0
DEFB4A	0	0	0
CBD103	4	1	3
SPAG11E	0	0	0
SPAG11B	0	0	0
DEFB105A	0	0	0
TPO	0	0	0
RNASEH1	218	98	120
ADAM17	1802	905	897
MIR8846	0	0	0
TRIB2	331	156	175
MIR8845	0	0	0
RHOB	654	346	308
MIR1301	0	0	0
RAB10	1172	593	579
EPT1	404	225	179
KHK	47	27	20
GCKR	10	5	5
MIR1837-1	0	0	0
MIR1837-2	0	0	0
MIR1837-3	0	0	0
MRPL33	227	100	127
PPP1CB	2272	1187	1085
C17H2orf71	4	2	2
SRD5A2	4	2	2
EIF2AK2	1356	667	689
CYP1B1	611	285	326
SLC8A1	83	39	44
MAL	2	1	1
NPHP1	125	62	63
TPC3	469	227	242
IL1A	4	0	4
IL1B	7	4	3
IL1RN	0	0	0
PAX8	0	0	0
FOXI3	0	0	0
FABP1	0	0	0
CD8A	0	0	0
MIR8843	0	0	0
MAT2A	1517	790	727
LOC100687463	0	0	0
REG3A	0	0	0
TACR1	0	0	0
HTRA2	351	187	164
MIR8842	4	1	3
CDK2AP1	1041	529	512
NRAS	1196	595	601
TSHB	0	0	0
NGF	90	48	42
ATP1A1	8480	4205	4275
HSD3B2	0	0	0
GJA5	3	1	2
FCGR1A	0	0	0
MCL1	1251	632	619
CTSS	32	17	15
CTSK	1645	833	812
CDC42SE1	486	218	268
PIP5K1A	2081	1026	1055
PSMD4	1165	582	583
CGN	79	42	37
RIIAD1	41	22	19
OAZ3	6	5	1
SMCP	0	0	0
MIR8844	0	0	0
ADORA3	0	0	0
SEC61G	538	273	265
DLD	1367	721	646
CD36	0	0	0
HGF	83	37	46
HRAS	160	80	80
MIR210	1	1	0
LOC610760	513	262	251
MIR129-2	0	0	0
SLC1A2	0	0	0
CD44	4301	2279	2022
MIR1343	0	0	0
CAT	1265	632	633
C18H11orf31	204	107	97
ZDHHC5	2320	1157	1163
MIR130A	0	0	0
COR12E4	0	0	0
CFOLF1	0	0	0
COR5L1	0	0	0
DLA-79	3	2	1
OR4S2	1	1	0
MYBPC3	0	0	0
ARHGAP1	1251	637	614
SLC35C1	284	145	139
MIR8861	0	0	0
CTSD	1029	525	504
H19	426	230	196
IGF2	0	0	0
MIR483	0	0	0
INS	0	0	0
TH	0	0	0
MIR8859A	0	0	0
MIR8859B	3	2	1
MIR8860	0	0	0
CCND1	165	51	114
CPT1A	2553	1275	1278
NDUFS8	384	210	174
GSTP1	552	251	301
PPP1CA	2228	1107	1121
CCS	309	166	143
MIR8858	110	54	56
MIR192	0	0	0
MEN1	361	175	186
SLC22A12	0	0	0
ESRRA	172	84	88
BAD	164	91	73
OTUB1	363	195	168
COX8A	584	273	311
RTN3	4415	2197	2218
LGALS12	3	2	1
BEST1	8	4	4
PGA	0	0	0
GPR44	0	0	0
IL15	0	0	0
UCP1	37	18	19
SLC7A11	200	106	94
MIR8857	0	0	0
IL21	0	0	0
IL2	0	0	0
LOC476104	0	0	0
GYPC	68	37	31
CNTNAP5	1	0	1
TMEM185B	295	125	170
EPB41L5	186	106	80
DBI	794	409	385
MIR128-1	0	0	0
CXCR4	0	0	0
CREM	143	72	71
MIR8864-4	0	0	0
MIR8864-1	0	0	0
MIR8864-3	0	0	0
GAD2	6	4	2
BMI1	703	332	371
COMMD3	621	330	291
MIR8895	0	0	0
PTPLA	6	2	4
ST8SIA6	0	0	0
VIM	41034	20859	20175
CUBN	200	93	107
SEPHS1	3058	1492	1566
LOC478000	1206	608	598
LOC478001	0	0	0
IL2RA	0	0	0
GDI2	3071	1538	1533
AKR1C3	0	0	0
SLC23A1	4	2	2
PFDN1	384	214	170
ANKHD1	1486	772	714
EIF4EBP3	97	45	52
NR3C1	1093	547	546
SPINK5	9	5	4
GPX8	2327	1174	1153
MIR449A	0	0	0
MIR449B	2	1	1
IL6ST	7820	3878	3942
MIR582	0	0	0
HTR1A	0	0	0
ATP1B1	725	359	366
AK6	83	41	42
TAF9	245	102	143
OCLN	121	62	59
SMN	438	188	250
MIR8813-2	0	0	0
GOT2	645	326	319
CNGB1	0	0	0
CCL17	20	5	15
CX3CL1	974	499	475
MIR138B	0	0	0
MT1E	185	101	84
MT2A	404	194	210
MT4	0	0	0
CES5A	0	0	0
CES1	0	0	0
SLC6A2	0	0	0
NOD2	129	54	75
AZIN2	159	83	76
EPB41	487	257	230
TAF12	57	29	28
RCC1	375	181	194
SNHG3	52	25	27
PTAFR	0	0	0
SLC9A1	782	394	388
HMGN2	2489	1232	1257
CD52	1	1	0
SEPN1	1608	830	778
TMEM57	792	378	414
RHCE	0	0	0
CNR2	0	0	0
FUCA1	4967	2519	2448
RPL11	3754	1824	1930
ID3	252	116	136
MIR8897	14	5	9
HTR1D	30	14	16
CDC42	726	367	359
ALPL	209	114	95
DDOST	5739	2720	3019
TAS1R2	0	0	0
PADI6	0	0	0
SDHB	236	124	112
CASP9	317	170	147
PDPN	0	0	0
MIR8896	4	1	3
MIIP	194	89	105
MFN2	881	434	447
PLOD1	6056	3037	3019
MIR8894	2	0	2
APITD1	53	28	25
TXNRD3	231	101	130
SEC61A1	9806	4964	4842
RAB7A	2439	1186	1253
CNBP	2312	1149	1163
ISY1	395	178	217
SLC6A6	3003	1492	1511
PPIAP4	119	60	59
RHO	1	1	0
RPL32	3230	1661	1569
PPARG	36	16	20
TAMM41	103	56	47
MIR885	0	0	0
GHRL	2	1	1
VHL	154	80	74
THUMPD3	175	79	96
OXTR	0	0	0
CAV3	2	0	2
SETMAR	31	18	13
MITF	111	58	53
EOGT	629	313	316
FHIT	8	2	6
CCDC66	419	229	190
WNT5A	15	8	7
SELK	210	122	88
PRKCD	586	283	303
MIR135A-1	3	1	2
MIRLET7G	0	0	0
TLR9	8	3	5
MIR8800	49	19	30
MIR8799A	0	0	0
GNAI2	3604	1792	1812
GNAT1	1	0	1
DAG1	10208	5125	5083
NICN1	265	132	133
AMT	355	191	164
RHOA	4164	2119	2045
GPX1	4540	2297	2243
MIR191	0	0	0
MIR425	0	0	0
COL7A1	139	67	72
CAMP	0	0	0
CDC25A	56	26	30
PTH1R	94	50	44
LTF	0	0	0
CCR5	0	0	0
CCR3	0	0	0
CCR1	0	0	0
CCR9	0	0	0
MIR8801	0	0	0
MEF2B	18	12	6
MIR8803	0	0	0
UBA52	904	476	428
LSM4	145	69	76
INSL3	0	0	0
FAM32A	192	98	94
RAB8A	716	348	368
AKAP8	536	270	266
SLC1A6	0	0	0
CFOLF4	0	0	0
ADGRE2	3	3	0
EMR3	83	44	39
CD97	1136	597	539
PRKACA	479	237	242
MIR1199	0	0	0
MIR181D	0	0	0
MIR181C	0	0	0
MIR23A	1	0	1
MIR27A	0	0	0
MIR24-2	0	0	0
RTBDN	2	2	0
ACP5	13	4	9
EPOR	5	2	3
MIR199-1	1	1	0
ICAM1	6895	3385	3510
P2RY11	22	11	11
PPAN	247	132	115
STXBP2	983	510	473
CD209	0	0	0
CTXN1	28	12	16
CCL25	2	2	0
ADAMTS10	454	227	227
EMR4	0	0	0
EMR1	0	0	0
TNFSF14	0	0	0
CAPS	43	23	20
FUT5	0	0	0
MIR7-3	0	0	0
MIR8804	2	1	1
MAP2K2	751	377	374
MIR8802	0	0	0
TJP3	43	20	23
NCLN	905	438	467
LSM7	79	42	37
OAZ1	3606	1817	1789
MIR8805	0	0	0
ELANE	0	0	0
MADCAM1	0	0	0
PGR	23	11	12
GPR83	39	22	17
MIR8812	0	0	0
FOLH1	1943	964	979
TYR	0	0	0
CTSC	43	26	17
MIR708	0	0	0
MIR1838	0	0	0
CLNS1A	252	141	111
SERPINH1	17362	8806	8556
MIR326	0	0	0
SPCS2	1076	551	525
UCP3	0	0	0
UCP2	804	384	420
MIR139	0	0	0
LRTOMT	106	55	51
IL18BP	208	113	95
cOR51P3	0	0	0
COR52J8	0	0	0
LOC480784	0	0	0
LOC609402	0	0	0
TRIM6	0	0	0
TRIM34	188	101	87
cOR52P3	0	0	0
cOR56B2	0	0	0
cOR52N9	0	0	0
COR56A6	0	0	0
CCKBR	0	0	0
TPP1	1155	513	642
OR2D3	0	0	0
cOR10A3	0	0	0
RPL27A	865	420	445
ADM	172	80	92
MIR8810	29	7	22
RNF141	251	128	123
ZBED5	977	502	475
DKK3	3037	1455	1582
PTH	0	0	0
CALCB	0	0	0
CRSP-3	0	0	0
CRSP-2	0	0	0
CALCA	0	0	0
KCNC1	0	0	0
TPH1	0	0	0
SAA1	18	8	10
LDHC	0	0	0
ANO5	628	300	328
SLC17A6	0	0	0
SVIP	1	1	0
CCDC179	0	0	0
BDNF	16	4	12
MIR8811	16	9	7
GIF	0	0	0
MS4A2	0	0	0
MS4A1	0	0	0
MIR8813-1	0	0	0
ATP7B	362	186	176
MIR15A	0	0	0
MIR16-1	0	0	0
MLNR	5	2	3
HTR2A	1	1	0
MIR8814	0	0	0
MIR759	0	0	0
CLN5	1811	931	880
EDNRB	0	0	0
MIR17	0	0	0
MIR18A	0	0	0
MIR19A	0	0	0
MIR20A	0	0	0
MIR19B-1	0	0	0
MIR92A-1	0	0	0
DCT	0	0	0
ABCC4	2553	1295	1258
DZIP1	2596	1306	1290
SLC15A1	0	0	0
BIVM	433	226	207
SLC10A2	0	0	0
EFNB2	28	11	17
TNFSF13B	7	3	4
F7	0	0	0
LOC403829	234	126	108
ATP4B	1	0	1
MIR8807	1	0	1
MIR138A	0	0	0
GLB1	1845	935	910
CCR4	0	0	0
MIR128-2	0	0	0
MIR26A-1	0	0	0
SCN5A	5	3	2
SCN10A	0	0	0
CX3CR1	0	0	0
RPSA	3024	1539	1485
RPL14	1534	789	745
CTNNB1	7271	3718	3553
GTDC2	231	128	103
MIR8806	1	0	1
RAB5A	661	338	323
SLCO2A1	1	0	1
CPB1	0	0	0
SELT	2187	1089	1098
P2RY12	0	0	0
P2RY1	19	10	9
MME	708	368	340
MIR8808	0	0	0
THBD	236	128	108
RRBP1	12451	6228	6223
SNRPB2	321	151	170
SLC23A2	292	137	155
PRNP	460	218	242
MIR103-2	0	0	0
MAVS	538	281	257
AVP	0	0	0
DEFB132	0	0	0
DEFB129	0	0	0
DEFB128	0	0	0
DEFB127	0	0	0
DEFB122	0	0	0
DEFB126	0	0	0
DEFB116	0	0	0
CBD118	0	0	0
DEFB119	0	0	0
DEFB3L	0	0	0
DEFB124	0	0	0
BCL2L1	411	219	192
POFUT1	830	447	383
MAPRE1	384	216	168
RALY	2082	1031	1051
ASIP	0	0	0
DYNLRB1	1031	510	521
MIR499	0	0	0
CPNE1	2553	1267	1286
RBM12	1189	558	631
MYL9	2695	1388	1307
GHRH	1	0	1
PI3	10	3	7
SLPI	2	0	2
WFDC2	0	0	0
CE10	0	0	0
CTSA	1371	654	717
MMP9	0	0	0
CD40	118	58	60
AR	315	180	135
SULF2	1928	976	952
IL29L	0	0	0
UBE2V1	1496	748	748
MC3R	0	0	0
BMP7	131	72	59
PCK1	0	0	0
RAB22A	345	181	164
GNAS	14634	7525	7109
EDN3	0	0	0
MIR1-1	0	0	0
MIR133C	0	0	0
COL9A3	4	4	0
MIR124-2	0	0	0
MIR124-3	0	0	0
MIR8809	45	20	25
BRCA2	546	286	260
RXFP2	0	0	0
HMGB1	5972	3017	2955
MIR8825	14	4	10
SLC7A1	760	371	389
FLT3	647	334	313
PDX1	0	0	0
RPL21	1417	710	707
SGCG	0	0	0
SAP18	555	282	273
GJB2	203	89	114
MPHOSPH8	592	299	293
PARP4	1654	772	882
MIR8824	41	13	28
MIR8864-2	0	0	0
CLCN3	1561	786	775
HPGD	5	5	0
GATA4	56	29	27
MIR8820	0	0	0
MIR124-1	0	0	0
MIR8821	9	9	0
CLU	31833	15808	16025
ADRA1A	0	0	0
MIR320	0	0	0
COL4A4	0	0	0
CCL20	0	0	0
HTR2B	1	0	1
PTMA	12671	6308	6363
PDE6D	474	216	258
EIF4E2	182	89	93
SAG	2	1	1
UGT1A6	0	0	0
MIR8823	0	0	0
TRPM8	8	5	3
ACKR3	0	0	0
COL6A3	809	417	392
MLPH	0	0	0
MIR8822	27	6	21
cOR9S7P	0	0	0
COR9S5	0	0	0
MIR149	0	0	0
KIF1A	443	233	210
STK25	412	206	206
RAN	1682	878	804
TMEM132C	0	0	0
HCAR1	0	0	0
DIABLO	691	357	334
IL31	0	0	0
P2RX7	58	24	34
ATP2A2	4399	2266	2133
VPS29	650	325	325
PPP1CC	1142	570	572
MYL2	0	0	0
OAS1	5374	2723	2651
OAS3	3883	1919	1964
OAS2	5849	2867	2982
NOS1	0	0	0
PEBP1	2667	1337	1330
MIR8819	528	271	257
HSPB8	866	446	420
RPLP0	2976	1508	1468
PLA2G1B	0	0	0
OASL	2223	1077	1146
TRPV4	251	121	130
SELPLG	0	0	0
CRYBB2	0	0	0
TFIP11	682	329	353
CRYBA4	7	3	4
EWSR1	1247	635	612
NEFH	1	0	1
LIF	72	33	39
GAL3ST1	2	0	2
SELM	414	201	213
SLC5A1	0	0	0
SPECC1L	1159	576	583
ADORA2A	395	198	197
MMP11	384	188	196
MIR8905	0	0	0
ZDHHC8	357	188	169
MIR1306	26	12	14
MIR185	0	0	0
COMT	1588	769	819
MIR301B	0	0	0
MIR130B	0	0	0
MAPK1	2148	1091	1057
PTEN	1824	930	894
LIPF	0	0	0
COR6C13	0	0	0
COR6C47	0	0	0
cOR9K3	0	0	0
MIR148B	0	0	0
MIR615	0	0	0
MIR196A-2	0	0	0
HOTAIR	0	0	0
PFDN5	804	397	407
KRT76	0	0	0
KRT1	0	0	0
KRT2	0	0	0
KRT71	0	0	0
NR4A1	86	54	32
CELA1	0	0	0
TMBIM6	5563	2907	2656
ADCY6	1141	601	540
LALBA	0	0	0
PFKM	1684	835	849
COL2A1	7	5	2
RAPGEF3	43	23	20
PTHLH	172	87	85
MRPS35	470	244	226
PPFIBP1	2110	1045	1065
STK38L	661	323	338
MED21	148	79	69
FGFR1OP2	305	159	146
ASUN	497	240	257
BHLHE41	1666	825	841
LDHB	1076	501	575
IAPP	0	0	0
SLCO1B3	0	0	0
GRIN2B	0	0	0
CDKN1B	579	290	289
TAS2R42	0	0	0
CAFA-T2R67	0	0	0
CAFA-T2R43	0	0	0
CAFA-T2R12	0	0	0
TAS2R10	0	0	0
TAS2R7	0	0	0
CSDA	1876	921	955
KLRA1	7	6	1
KLRD1	0	0	0
AICDA	0	0	0
SLC2A3	1674	850	824
CD163	4	2	2
MIR141	0	0	0
MIR200C	0	0	0
TPI1	10921	5529	5392
GNB3	1	0	1
CD4	0	0	0
GAPDH	26450	13864	12586
VWF	13	8	5
KCNA5	0	0	0
SLC6A12	351	170	181
MAPK3	1195	579	616
BID	1361	701	660
FYTTD1	662	346	316
ZFAND4	282	136	146
ALOX5	0	0	0
COR6D7	0	0	0
CXCL12	0	0	0
RET	41	18	23
MIR107	0	0	0
MIR8815-2	0	0	0
MIR8815-1	0	0	0
O3FAR1	0	0	0
PLCE1	1175	600	575
CYP2C18	62	30	32
GOT1	340	179	161
ABCC2	2	1	1
KCNIP2	4	2	2
MIR146B	0	0	0
ACTR1A	2248	1119	1129
MIR1307	0	0	0
MIR8816	0	0	0
ADRB1	2	1	1
PNLIPRP1	0	0	0
PRDX3	1680	825	855
MCMBP	366	197	169
FGFR2	598	285	313
MIR8817	0	0	0
MGMT	0	0	0
INPP5A	898	430	468
MIR202	0	0	0
CYP2E1	0	0	0
MIR8818	0	0	0
PRKDC	1969	985	984
UBE2V2	427	213	214
SNAI2	521	265	256
RP1	0	0	0
RAB2A	1393	659	734
ASPH	836	395	441
CRH	1	1	0
SGK3	379	182	197
C29H8orf34	0	0	0
SULF1	5424	2711	2713
TRAM1	2259	1098	1161
KCNB2	0	0	0
RPL7	5478	2842	2636
IL7	0	0	0
HEY1	23	12	11
MIR8799B	0	0	0
CA1	0	0	0
CA3	2	2	0
CA2	215	103	112
CNGB3	0	0	0
SRP19	89	32	57
FER	439	242	197
ARSK	488	238	250
MIR9-2	0	0	0
CKMT2	10	7	3
ARSB	404	188	216
AP3B1	3048	1560	1488
F2RL1	91	35	56
MIR8901	0	0	0
COR6C40	0	0	0
MIR8799G	0	0	0
MIR211	0	0	0
TJP1	4624	2349	2275
VIMP	939	469	470
ST8SIA2	0	0	0
MIR7-2	0	0	0
ACAN	77	40	37
MIR9-3	0	0	0
RHCG	5	2	3
ANPEP	295	149	146
AP3S2	441	206	235
ARPIN	823	431	392
SEC11A	1806	927	879
RPS17	5486	2749	2737
MIR1839	0	0	0
MIR8898	40	15	25
MIR184	0	0	0
MIR8900	1	1	0
MIR95	0	0	0
HGFAC	48	28	20
CD38	3	2	1
ZNF518B	859	429	430
WDR1	6771	3659	3112
SLC2A9	1	1	0
RBM47	2	1	1
MIR574	0	0	0
TLR1	34	18	16
TLR10	0	0	0
CAR1	7	6	1
CCKAR	0	0	0
SMIM20	1069	572	497
MIR218-1	0	0	0
TMED11	3	1	2
PDE6B	0	0	0
MIR8899	0	0	0
MIR8792	0	0	0
SRP14	621	304	317
RAD51	347	177	170
JMJD7	106	56	50
PLA2G4B	73	35	38
SERF2	786	348	438
B2M	3109	6736	6452
DUOX1	6	3	3
GATM	65	30	35
MIR147	29	19	10
FBN1	22298	11108	11190
FGF7	0	0	0
MIR8791A	0	0	0
CYP19A1	0	0	0
RAB27A	526	270	256
MIR628	0	0	0
ALDH1A2	0	0	0
LIPC	1155	559	596
ANXA2	18398	9282	9116
MIR190A	0	0	0
OAZ2	2045	1020	1025
RAB11A	1359	679	680
MAP2K1	834	388	446
RPL4	4662	2331	2331
SMAD3	323	149	174
CLN6	362	183	179
ANP32A	1305	658	647
NOX5	0	0	0
UACA	1345	724	621
CYP1A2	0	0	0
COX5A	267	135	132
MIR631	20	9	11
POU1F1	2	1	1
MIR99A-1	0	0	0
MIRLET7C	2	0	2
MIR125B-2	0	0	0
MIR155	11	4	7
APP	34817	17629	17188
SOD1	1496	769	727
SYNJ1	1058	516	542
C31H21orf62	2	2	0
SLC5A3	76	37	39
KCNE2	0	0	0
MIR802	0	0	0
MX2	1178	599	579
MX1	10201	4977	5224
TFF3	0	0	0
TFF2	0	0	0
TFF1	0	0	0
UBASH3A	0	0	0
CRYAA	0	0	0
CXCL10	686	342	344
FGF5	42	22	20
ABCG2	678	335	343
PIGY	0	0	0
PYURF	0	0	0
HPGDS	0	0	0
BMPR1B	48	25	23
ADH5	281	153	128
H2AFZ	3157	1616	1541
PPP3CA	1089	529	560
NFKB1	1536	770	766
TACR3	0	0	0
OSTC	203	106	97
EGF	0	0	0
MIR367	0	0	0
MIR302D	0	0	0
MIR302A	0	0	0
MIR302C	0	0	0
MIR302B	0	0	0
ARSJ	621	317	304
PDE5A	0	0	0
NFKBIZ	576	263	313
CD47	1734	892	842
MIR568	12	8	4
CD80	46	21	25
COX17	263	140	123
MIR6529	0	0	0
IQCB1	315	183	132
CD86	0	0	0
CASR	0	0	0
ADCY5	76	35	41
TFRC	3375	1696	1679
MIR8789	0	0	0
TAS2R1	0	0	0
SRD5A1	139	68	71
SLC6A3	0	0	0
TERT	2	0	2
MIR8790	0	0	0
ABCC5	603	312	291
AP2M1	5313	2627	2686
CRYGS	10	5	5
ADIPOQ	0	0	0
SST	0	0	0
BCL6	529	260	269
MIR28	0	0	0
IL12A	81	40	41
MIR15B	0	0	0
MIR16-2	0	0	0
MIR551B	0	0	0
GHSR	0	0	0
TNFSF10	996	501	495
SSR1	4983	2519	2464
EDN1	10	8	2
NHLRC1	15	6	9
TPMT	328	179	149
CDKAL1	247	114	133
PRL	0	0	0
GPX6	0	0	0
GPX5	0	0	0
MIR8797	0	0	0
GCG	0	0	0
ABCB11	3	3	0
GAD1	0	0	0
CHRNA1	5	2	3
MIR10B	2	0	2
MIR8796	0	0	0
PDE1A	83	42	41
ZC3H15	1587	830	757
TFPI	0	0	0
MSTN	0	0	0
AOX4	0	0	0
AOX2	1	0	1
CASP8	375	192	183
SUMO1	424	206	218
CD28	4	0	4
CTLA4	1	0	1
ICOS	0	0	0
CRYGD	0	0	0
CRYGC	0	0	0
CRYGB	0	0	0
CRYGA	0	0	0
PECR	122	56	66
CXCR2	0	0	0
AAMP	479	238	241
SLC11A1	205	102	103
MIR26B	1	1	0
MIR375	0	0	0
MIR1840	0	0	0
DES	20	11	9
SPEG	192	94	98
SLC4A3	253	113	140
MIR8795	0	0	0
CLN8	88	44	44
OPTC	108	54	54
REN	0	0	0
DSTYK	325	168	157
MIR135B	0	0	0
EIF2D	584	301	283
CDC73	385	185	200
MIR215	0	0	0
MIR194	0	0	0
MIR664	0	0	0
MIR8798	23	12	11
MGST3	519	264	255
FCER1G	0	0	0
SLAMF1	0	0	0
SLAMF9	345	191	154
FCER1A	2	0	2
CD1B	0	0	0
CD1C	0	0	0
CD1A6	0	0	0
TLR5	102	49	53
LGALS8	1319	678	641
MIR1841	63	23	40
MIR1296	0	0	0
TACR2	1	1	0
PRF1	0	0	0
MYOZ1	21	10	11
PLAU	1000	502	498
AP3M1	1584	808	776
KCNMA1	0	0	0
RPS24	1435	767	668
MIR346	0	0	0
BMPR1A	1149	574	575
LMAN2	2159	1096	1063
MIR1271	2	2	0
HRH2	0	0	0
MSX2	35	18	17
NKX2-5	1	0	1
ATP6V0E1	966	474	492
NPM1	3748	1943	1805
KCNMB1	19	13	6
MIR218-2	0	0	0
MIR103-1	0	0	0
MIR146A	2	1	1
MIR8902	0	0	0
ADRA1B	78	31	47
IL12B	0	0	0
MED7	292	164	128
HAVCR2	16	8	8
HAVCR1	23	7	16
ATOX1	699	340	359
GPX3	2	1	1
RPS14	5572	2808	2764
TCOF1	588	303	285
ARSI	4	1	3
PDGFRB	2082	1065	1017
PDE6A	1	0	1
MIR378	0	0	0
MIR145	0	0	0
MIR143	0	0	0
ADRB2	6	2	4
CCL28	0	0	0
SEPP1	71	31	40
GHR	434	203	231
RPL37	548	289	259
PTGER4	305	156	149
LIFR	794	392	402
SLC1A3	594	319	275
SLC45A2	21	10	11
MIR8903	39	16	23
ZNF622	119	66	53
B3GAT1	0	0	0
MIR8868	0	0	0
MIR99A-2	0	0	0
MIRLET7A-2	0	0	0
MIR125B-1	0	0	0
PVRL1	778	363	415
THY1	7223	3638	3585
SLC37A4	348	168	180
CD3E	0	0	0
FXYD6	10	8	2
FXYD2	0	0	0
BACE1	1512	784	728
MIR8871	205	91	114
APOC3	0	0	0
HTR3A	0	0	0
DRD2	0	0	0
NCAM1	3	2	1
IL18	0	0	0
MIR34C	0	0	0
MIR34B	0	0	0
ATM	975	464	511
CASP4	0	0	0
CASP12	9	1	8
MMP12	0	0	0
MMP3	17	10	7
MMP7	0	0	0
BIRC2	635	315	320
BIRC3	220	117	103
TEKT1	1	0	1
MIR8870	0	0	0
GP1BA	0	0	0
MIR195	0	0	0
MIR497	0	0	0
MIR324	11	4	7
SLC2A4	44	26	18
ZBTB4	1092	580	512
TNFSF12	107	57	50
TNFSF13	10	3	7
EIF4A1	3034	1528	1506
TP53	152	84	68
MIR8867	5	3	2
GUCY2D	0	0	0
RPL26	1156	572	584
RCVRN	0	0	0
MYH8	0	0	0
MYH4	0	0	0
MYH1	0	0	0
MYH2	0	0	0
MYH3	0	0	0
TVP23B	843	422	421
ADORA2B	191	94	97
ALDH3A1	0	0	0
MIR8872	8	4	4
SREBF1	2924	1489	1435
MIR33B	1	1	0
FLCN	687	343	344
KCNJ12	27	12	15
MIR8869	9	5	4
IL12RB2	24	15	9
LEPR	2012	1040	972
LOC609115	1651	856	795
MIR101-1	0	0	0
JAK1	6153	3038	3115
FAM151A	61	26	35
DIO1	5	5	0
SLC1A7	9	4	5
MIR200B	0	0	0
MIR200A	0	0	0
MIR429	0	0	0
TNFRSF18	0	0	0
B3GALT6	140	76	64
TAS1R3	6	2	4
SSU72	558	265	293
GNB1	6563	3252	3311
MIR8866	0	0	0
TNFRSF14	395	205	190
MIR551A	0	0	0
NPHP4	520	242	278
SCAMPER	90	45	45
CA6	0	0	0
MIR34A	1	1	0
MC1R	11	3	8
GALNS	354	188	166
CYBA	1577	787	790
SLC7A5	1129	558	571
CFDP1	2544	1181	1363
LOC479649	7	2	5
CHST4	0	0	0
WWP2	1054	557	497
MIR140	0	0	0
NIP7	853	465	388
CDH1	219	116	103
PLA2G15	512	247	265
SLC12A4	4695	2297	2398
MIR328	0	0	0
HSF4	225	98	127
CMTM1	0	0	0
CKLF	0	0	0
GUSB	1586	798	788
MIR2387	1	1	0
MIR590	1	1	0
CLDN3	0	0	0
CCL26	3	3	0
CCL24	0	0	0
POR	1014	493	521
HSPB1	2865	1411	1454
ZP3	2	2	0
SERPINE1	3359	1630	1729
EPO	3	1	2
MIR106B	0	0	0
MIR93	1	1	0
MIR25	9	5	4
AZGP1	0	0	0
CYP3A26	1	0	1
CYP3A12	3	3	0
EIF2AK1	995	485	510
RAC1	3284	1646	1638
ACTB	15815	8347	7468
MIR589	5	2	3
MIR8873A	0	0	0
MIR8876	38	19	19
MIR8879	1	0	1
MIR339-1	0	0	0
PDGFA	308	161	147
SLC5A2	398	194	204
ITGAD	0	0	0
CTF1	33	19	14
C6H16orf93	58	24	34
TMEM265	83	40	43
SEPHS2	1688	848	840
MVP	4278	2151	2127
SULT1A1	1837	930	907
CLN3	408	204	204
C6H16orf82	0	0	0
MIR8875	1	0	1
MIR8878	0	0	0
ZP2	3	1	2
UMOD	0	0	0
GP2	0	0	0
RPS15A	7891	4040	3851
XYLT1	94	50	44
ABCC1	936	461	475
NDE1	386	205	181
MIR365-1	0	0	0
MIR193B	0	0	0
MIR8874	0	0	0
PRM2	0	0	0
TNP2	0	0	0
PAM16	394	207	187
DNASE1	8	3	5
TNFRSF12A	472	246	226
MIR1842	15	9	6
PKD1	2448	1269	1179
SLC9A3R2	421	193	228
SEPX1	88	38	50
LOC448801	0	0	0
LOC100049001	0	0	0
SSTR5	0	0	0
MIR8877	2	2	0
HAGHL	210	96	114
LOC100855540	3	2	1
LOC100855558	2	2	0
MIR8799F	0	0	0
PGB	0	0	0
MIR8799E-1	0	0	0
MIR8799E-2	0	0	0
KCNA2	0	0	0
MIR197	10	6	4
TAF13	72	27	45
VCAM1	9080	4554	4526
SLC35A3	503	267	236
AGL	2051	1067	984
MIR137	0	0	0
F3	1030	537	493
ABCA4	80	38	42
GFI1	0	0	0
SEP15	4180	2172	2008
UOX	0	0	0
LPHN2	0	0	0
PTGFR	49	30	19
ASB17	0	0	0
CRYZ	88	45	43
TNNI3K	10	4	6
FPGT	185	88	97
MIR186	0	0	0
PTGER3	0	0	0
RPE65	0	0	0
CHI3L1	0	0	0
ADORA1	12	7	5
CYB5R1	651	327	324
PKP1	0	0	0
TNNT2	0	0	0
MIR181A-1	0	0	0
MIR181B-1	0	0	0
ASPM	1387	700	687
IL10	0	0	0
PIGR	0	0	0
MIR29C-1	0	0	0
MIR29C-2	0	0	0
MIR29B-2	0	0	0
CD34	2	1	1
MIR205	0	0	0
HSD11B1	0	0	0
TRAF5	207	100	107
XPR1	619	295	324
GLUL	1772	901	871
CE9	0	0	0
RNASEL	1620	833	787
LAMC2	11	2	9
NCF2	0	0	0
PDC	0	0	0
PTGS2	60	34	26
ANGPTL1	9	3	6
MIR488	0	0	0
MIR1843	0	0	0
FASLG	0	0	0
MIR199-2	8	2	6
MIR214	36	17	19
MYOC	0	0	0
FMO1	0	0	0
FMO3	268	138	130
SELE	3	2	1
SELP	0	0	0
DPT	1120	572	548
TBX19	0	0	0
ADCY10	0	0	0
KMO	0	0	0
MIR350	2	1	1
MIR7180	0	0	0
MIR8881	2	1	1
PSEN2	202	93	109
TMEM63A	1011	498	513
CD5L	0	0	0
BCAN	0	0	0
MIR9-1	0	0	0
RHBG	2	1	1
SSR2	2847	1468	1379
LMNA	7738	3858	3880
ARHGEF2	2187	1063	1124
PKLR	1	0	1
MIR92B	0	0	0
MUC1	126	54	72
KRTCAP2	912	437	475
MIR190B	0	0	0
TPM3	1404	699	705
RPS27	1684	880	804
S100A4	7043	3585	3458
S100A8	4	2	2
ATP5A1	5951	3023	2928
PIK3C3	747	374	373
SLC39A6	1085	553	532
MIR187	0	0	0
DSG3	0	0	0
DSG1	0	0	0
CDH2	1380	648	732
CABYR	155	75	80
NPC1	4049	2025	2024
MIR1-2	0	0	0
MIR133A	0	0	0
SNRPD1	1005	480	525
CLUL1	3	0	3
TYMS	1880	919	961
LOC403581	6369	3178	3191
MIR8865	0	0	0
SLC7A8	8	4	4
BCL2L2	155	62	93
PABPN1	915	443	472
MYH7	25	6	19
MIR208A	0	0	0
MIR208B	0	0	0
DHRS4	551	246	305
TGM1	54	18	36
CMA1	2	1	1
SRP54	2209	1124	1085
SSTR1	0	0	0
PNN	1509	739	770
RN7SL1	0	0	0
PYGL	622	301	321
PTGER2	49	25	24
BMP4	690	327	363
LGALS3	2424	1270	1154
MIR8883	71	32	39
HIF1A	5727	2933	2794
ZBTB1	1039	532	507
SPTB	26	12	14
GPX2	3	1	2
FUT8	1093	559	534
ARG2	1019	511	508
COX16	41	28	13
SYNJ2BP	604	329	275
PSEN1	1226	639	587
NPC2	1818	898	920
ACYP1	43	19	24
NGB	0	0	0
DIO2	12	7	5
TSHR	0	0	0
MIR8884	7	2	5
GALC	171	87	84
TTC8	180	76	104
PSMC1	1603	791	812
SERPINA1	0	0	0
BDKRB2	104	57	47
BDKRB1	4	3	1
MIR342	0	0	0
MIR345	0	0	0
MIR493	0	0	0
MIR665	0	0	0
MIR433	0	0	0
MIR127	0	0	0
MIR432	0	0	0
MIR136	0	0	0
MIR370	0	0	0
MIR379	0	0	0
MIR411	0	0	0
MIR299	0	0	0
MIR380	0	0	0
MIR323	0	0	0
MIR758	0	0	0
MIR329B	0	0	0
MIR329A	0	0	0
MIR494	0	0	0
MIR543	0	0	0
MIR495	0	0	0
MIR3958	0	0	0
MIR376A-3	0	0	0
MIR376C	0	0	0
MIR376A-2	0	0	0
MIR376B	0	0	0
MIR376A-1	0	0	0
MIR300	0	0	0
MIR1185	0	0	0
MIR381	0	0	0
MIR487B	0	0	0
MIR539	0	0	0
MIR889	0	0	0
MIR544	0	0	0
MIR487A	0	0	0
MIR382	0	0	0
MIR134	0	0	0
MIR485	0	0	0
MIR496	0	0	0
MIR377	0	0	0
MIR409	0	0	0
MIR369	0	0	0
MIR410	0	0	0
DIO3	9	3	6
AMN	2	1	1
MIR8882	0	0	0
MIR203	0	0	0
HGS	775	379	396
PDE6G	0	0	0
ACTG1	43229	21729	21500
MIR338	0	0	0
SGSH	425	202	223
TIMP2	1299	665	634
SOCS3	358	195	163
BIRC5	619	292	327
SYNGR2	741	387	354
MIR6516	0	0	0
ST6GALNAC1	0	0	0
ST6GALNAC2	105	54	51
PRCD	0	0	0
CYGB	0	0	0
RHBDF2	138	69	69
AANAT	0	0	0
MIR8886	0	0	0
ZACN	1	1	0
SRP68	1787	914	873
UNK	639	329	310
GALK1	742	365	377
SUMO2	2155	1119	1036
HN1	472	233	239
SSTR2	12	9	3
SOX9	41	21	20
ITGB3	1382	694	688
MIR8885	36	22	14
MAPT	20	12	8
GH1	0	0	0
DDX5	10788	5308	5480
APOH	0	0	0
ARSG	19	6	13
KCNJ2	13	8	5
GJC1	381	204	177
ITGA2B	29	17	12
SLC4A1	0	0	0
BRCA1	743	388	355
RPL27	3336	1649	1687
G6PC	0	0	0
CCDC56	346	178	168
TUBG1	632	328	304
HCRT	0	0	0
RAB5C	1011	507	504
JUP	3653	1819	1834
EIF1	4967	2531	2436
KRT14	0	0	0
KRT9	0	0	0
KRT19	0	0	0
KRT15	0	0	0
KRT12	4	3	1
KRT10	127	59	68
MIR8888	0	0	0
RARA	510	271	239
THRA	617	315	302
ERBB2	1210	598	612
PGAP3	66	30	36
TCAP	41	19	22
RPL23	1120	578	542
PSMB3	797	411	386
MIR152	0	0	0
MIR10A	0	0	0
MIR196A-1	0	0	0
GNGT2	0	0	0
PHB	843	403	440
COL1A1	190756	94414	96342
XYLT2	503	240	263
NME1	701	371	330
NME2	2448	1197	1251
MIR1844	0	0	0
MIR142	0	0	0
MIR454	0	0	0
MIR301A	0	0	0
MIR21	2	1	1
TUBD1	106	55	51
TBX4	0	0	0
TBX2	35	22	13
CCL4	0	0	0
CCL3	0	0	0
LOC480600	0	0	0
CCL5	33	16	17
CCL1	0	0	0
CCL13	0	0	0
CCL8	0	0	0
CCL7	3	2	1
CCL2	3636	1895	1741
SPACA3	0	0	0
MIR632	134	70	64
MIR365-2	12	10	2
MIR193A	0	0	0
LGALS9	6118	3037	3081
NOS2	166	87	79
POLDIP2	1934	953	981
ALDOC	4546	2317	2229
MIR451	0	0	0
MIR144	0	0	0
CRYBA1	0	0	0
MIR423A	0	0	0
SLC6A4	0	0	0
MIR22	7	3	4
SERPINF1	2729	1387	1342
MIR132	0	0	0
MIR212	0	0	0
COR1A3	0	0	0
GNG10	555	280	275
OR1E2	0	0	0
TRPV1	24	9	15
MIR8889	0	0	0
GRIN1	4	3	1
FUT7	0	0	0
PTGDS	18	9	9
MIR126	0	0	0
LHX3	0	0	0
LCN1	0	0	0
ABO	15	8	7
RPL7A	9190	4708	4482
ADAMTS13	34	23	11
DBH	0	0	0
GBGT1	1196	616	580
PTGES	129	64	65
MIR8887	52	25	27
MIR219-2	0	0	0
DNM1	24	12	12
MIR199-3	0	0	0
PTGES2	162	79	83
AK1	526	265	261
RPL12	5693	2884	2809
SLC2A8	516	267	249
MIR181B-2	2	0	2
MIR181A-2	0	0	0
PSMB7	1901	964	937
PTGS1	0	0	0
GGTA1	4400	2231	2169
SHOX	0	0	0
ARSE	295	141	154
ARSH	1	1	0
OBP	0	0	0
TLR7	0	0	0
RAB9A	1102	569	533
ACE2	0	0	0
ARX	4	2	2
LOC491788	0	0	0
MAGEB10	0	0	0
DMD	432	219	213
TMEM47	1210	587	623
CYBB	2	0	2
DYNLT3	618	311	307
RPGR	156	73	83
MAOA	0	0	0
MAOB	0	0	0
KDM6A	1155	559	596
MIR221	0	0	0
MIR222	0	0	0
USP11	2504	1254	1250
TIMP1	3414	1656	1758
SLC35A2	327	152	175
FOXP3	6	0	6
MIR532	0	0	0
MIR188	0	0	0
MIR500	0	0	0
MIR362	0	0	0
MIR660	0	0	0
MIR502	0	0	0
CCNB3	279	141	138
MIR8791B	0	0	0
KDM5C	2975	1508	1467
MIR98	0	0	0
MIR8834B	0	0	0
MIR1468	0	0	0
MIR223	0	0	0
EDA	14	10	4
MIR676	0	0	0
IL2RG	3	1	2
CXCR3	0	0	0
RPS4X	7347	3716	3631
MIR421	7	4	3
MIR374B	17	11	6
MIR545	0	0	0
MIR374A	0	0	0
MIR384	0	0	0
MIR325	0	0	0
MIR361	0	0	0
MIRLET7J	0	0	0
TIMM8A	131	70	61
BEX4	92	45	47
MIR8904A	0	0	0
PLP1	0	0	0
CLDN2	0	0	0
COL4A5	25	13	12
MIR652	0	0	0
MIR764	0	0	0
HTR2C	0	0	0
MIR448	0	0	0
IL13RA2	3	2	1
PGRMC1	2410	1236	1174
LOC403555	131	65	66
MIR8904B	0	0	0
XIAP	209	102	107
MIR2483	0	0	0
SLC25A14	142	63	79
MIR363	0	0	0
MIR92A-2	0	0	0
MIR19B-2	0	0	0
MIR20B	0	0	0
MIR18B	0	0	0
MIR106A	0	0	0
HPRT1	1183	588	595
MIR450B	0	0	0
MIR450A	0	0	0
MIR542	0	0	0
MIR503	0	0	0
MIR424	0	0	0
HTATSF1	1041	522	519
CD40LG	2	2	0
MIR504	0	0	0
F9	0	0	0
MIR505	0	0	0
MIR8908C	0	0	0
MIR8908E	0	0	0
MIR8908B	0	0	0
MIR8908D-2	0	0	0
MIR8908A-4	0	0	0
MIR8908A-1	0	0	0
MIR8908D-3	0	0	0
MIR8908A-2	0	0	0
MIR8908D-1	0	0	0
MIR8908A-3	0	0	0
MIR8908F	0	0	0
MIR506	0	0	0
MIR507A	0	0	0
MIR508A	0	0	0
MIR508B	0	0	0
MIR507B	0	0	0
MIR514	0	0	0
IDS	1212	628	584
MIR2114	0	0	0
VMA21	62	21	41
MIR224	0	0	0
MIR452	0	0	0
MIR105A	0	0	0
MIR105B	0	0	0
BGN	7107	3627	3480
SSR4	959	440	519
AVPR2	0	0	0
MIR718	0	0	0
OPN1LW	0	0	0
GDI1	2216	1137	1079
MPP1	412	187	225
F8	0	0	0
FUNDC2	220	112	108
CLIC2	510	258	252
